0.000000000000000000e+00
4.975124378109452988e-02
9.950248756218905977e-02
1.492537313432835966e-01
1.990049751243781195e-01
2.487562189054726425e-01
2.985074626865671932e-01
3.482587064676617161e-01
3.980099502487562391e-01
4.477611940298507620e-01
4.975124378109452850e-01
5.472636815920398634e-01
5.970149253731343864e-01
6.467661691542289093e-01
6.965174129353234322e-01
7.462686567164179552e-01
7.960199004975124781e-01
8.457711442786070011e-01
8.955223880597015240e-01
9.452736318407960470e-01
9.950248756218905699e-01
1.044776119402985204e+00
1.094527363184079727e+00
1.144278606965174250e+00
1.194029850746268773e+00
1.243781094527363296e+00
1.293532338308457819e+00
1.343283582089552342e+00
1.393034825870646864e+00
1.442786069651741387e+00
1.492537313432835910e+00
1.542288557213930433e+00
1.592039800995024956e+00
1.641791044776119479e+00
1.691542288557214002e+00
1.741293532338308525e+00
1.791044776119403048e+00
1.840796019900497571e+00
1.890547263681592094e+00
1.940298507462686617e+00
1.990049751243781140e+00
2.039800995024875885e+00
2.089552238805970408e+00
2.139303482587064931e+00
2.189054726368159454e+00
2.238805970149253977e+00
2.288557213930348500e+00
2.338308457711443022e+00
2.388059701492537545e+00
2.437810945273632068e+00
2.487562189054726591e+00
2.537313432835821114e+00
2.587064676616915637e+00
2.636815920398010160e+00
2.686567164179104683e+00
2.736318407960199206e+00
2.786069651741293729e+00
2.835820895522388252e+00
2.885572139303482775e+00
2.935323383084577298e+00
2.985074626865671821e+00
3.034825870646766344e+00
3.084577114427860867e+00
3.134328358208955390e+00
3.184079601990049913e+00
3.233830845771144435e+00
3.283582089552238958e+00
3.333333333333333481e+00
3.383084577114428004e+00
3.432835820895522527e+00
3.482587064676617050e+00
3.532338308457711573e+00
3.582089552238806096e+00
3.631840796019900619e+00
3.681592039800995142e+00
3.731343283582089665e+00
3.781094527363184188e+00
3.830845771144278711e+00
3.880597014925373234e+00
3.930348258706467757e+00
3.980099502487562280e+00
4.029850746268657247e+00
4.079601990049751770e+00
4.129353233830846293e+00
4.179104477611940816e+00
4.228855721393035338e+00
4.278606965174129861e+00
4.328358208955224384e+00
4.378109452736318907e+00
4.427860696517413430e+00
4.477611940298507953e+00
4.527363184079602476e+00
4.577114427860696999e+00
4.626865671641791522e+00
4.676616915422886045e+00
4.726368159203980568e+00
4.776119402985075091e+00
4.825870646766169614e+00
4.875621890547264137e+00
4.925373134328358660e+00
4.975124378109453183e+00
5.024875621890547706e+00
5.074626865671642229e+00
5.124378109452736751e+00
5.174129353233831274e+00
5.223880597014925797e+00
5.273631840796020320e+00
5.323383084577114843e+00
5.373134328358209366e+00
5.422885572139303889e+00
5.472636815920398412e+00
5.522388059701492935e+00
5.572139303482587458e+00
5.621890547263681981e+00
5.671641791044776504e+00
5.721393034825871027e+00
5.771144278606965550e+00
5.820895522388060073e+00
5.870646766169154596e+00
5.920398009950249119e+00
5.970149253731343642e+00
6.019900497512438164e+00
6.069651741293532687e+00
6.119402985074627210e+00
6.169154228855721733e+00
6.218905472636816256e+00
6.268656716417910779e+00
6.318407960199005302e+00
6.368159203980099825e+00
6.417910447761194348e+00
6.467661691542288871e+00
6.517412935323383394e+00
6.567164179104477917e+00
6.616915422885572440e+00
6.666666666666666963e+00
6.716417910447761486e+00
6.766169154228856009e+00
6.815920398009950532e+00
6.865671641791045055e+00
6.915422885572139577e+00
6.965174129353234100e+00
7.014925373134328623e+00
7.064676616915423146e+00
7.114427860696517669e+00
7.164179104477612192e+00
7.213930348258706715e+00
7.263681592039801238e+00
7.313432835820895761e+00
7.363184079601990284e+00
7.412935323383084807e+00
7.462686567164179330e+00
7.512437810945273853e+00
7.562189054726368376e+00
7.611940298507462899e+00
7.661691542288557422e+00
7.711442786069651945e+00
7.761194029850746468e+00
7.810945273631840990e+00
7.860696517412935513e+00
7.910447761194030036e+00
7.960199004975124559e+00
8.009950248756219082e+00
8.059701492537314493e+00
8.109452736318408128e+00
8.159203980099503539e+00
8.208955223880597174e+00
8.258706467661692585e+00
8.308457711442786220e+00
8.358208955223881631e+00
8.407960199004975266e+00
8.457711442786070677e+00
8.507462686567164312e+00
8.557213930348259723e+00
8.606965174129353358e+00
8.656716417910448769e+00
8.706467661691542403e+00
8.756218905472637815e+00
8.805970149253731449e+00
8.855721393034826860e+00
8.905472636815920495e+00
8.955223880597015906e+00
9.004975124378109541e+00
9.054726368159204952e+00
9.104477611940298587e+00
9.154228855721393998e+00
9.203980099502487633e+00
9.253731343283583044e+00
9.303482587064676679e+00
9.353233830845772090e+00
9.402985074626865725e+00
9.452736318407961136e+00
9.502487562189054771e+00
9.552238805970150182e+00
9.601990049751243816e+00
9.651741293532339228e+00
9.701492537313432862e+00
9.751243781094528273e+00
9.800995024875621908e+00
9.850746268656717319e+00
9.900497512437810954e+00
9.950248756218906365e+00
1.000000000000000000e+01
0.000000000000000000e+00
0.000000000000000000e+00
0.000000000000000000e+00
0.000000000000000000e+00
0.000000000000000000e+00
0.000000000000000000e+00
0.000000000000000000e+00
0.000000000000000000e+00
0.000000000000000000e+00
0.000000000000000000e+00
0.000000000000000000e+00
0.000000000000000000e+00
0.000000000000000000e+00
0.000000000000000000e+00
0.000000000000000000e+00
0.000000000000000000e+00
0.000000000000000000e+00
0.000000000000000000e+00
0.000000000000000000e+00
0.000000000000000000e+00
0.000000000000000000e+00
0.000000000000000000e+00
0.000000000000000000e+00
0.000000000000000000e+00
0.000000000000000000e+00
0.000000000000000000e+00
0.000000000000000000e+00
0.000000000000000000e+00
0.000000000000000000e+00
0.000000000000000000e+00
0.000000000000000000e+00
0.000000000000000000e+00
0.000000000000000000e+00
0.000000000000000000e+00
0.000000000000000000e+00
0.000000000000000000e+00
0.000000000000000000e+00
0.000000000000000000e+00
1.054175659023924745e-02
1.202550883031542651e-02
1.490371409666297296e-02
2.613253052695150430e-02
4.335860403935615226e-02
7.785109022380506949e-02
1.334188140186435556e-01
2.015617737154318245e-01
3.255434260085388609e-01
4.439973746378030883e-01
6.016928199980118297e-01
7.885526990332166752e-01
9.542733650815466984e-01
1.169047862868188403e+00
1.332267122817429428e+00
1.451089062789318707e+00
1.542975480112317221e+00
1.576047235095547894e+00
1.592544044133697545e+00
1.590293706395061735e+00
1.548127364883276069e+00
1.505415549869116187e+00
1.489857449818707158e+00
1.471800482406103727e+00
1.441202746355934039e+00
1.434879642497434604e+00
1.388602345092675439e+00
1.346106084862672025e+00
1.284435427454199585e+00
1.208098983991318542e+00
1.091161481767751074e+00
9.687488133918045197e-01
9.012571386814451913e-01
8.204131217184068570e-01
7.224181322721542342e-01
6.680350230427229974e-01
5.997433026129457279e-01
5.185514888049217452e-01
5.024657425473897376e-01
4.828124518329574566e-01
4.272482227167558877e-01
4.296614092498114990e-01
4.204620828645569963e-01
4.218347237919489179e-01
4.152224851847429177e-01
4.257330081934230792e-01
4.546113926440811248e-01
4.716332154380964425e-01
5.138128624288554880e-01
5.292217729043772190e-01
5.704310715621573324e-01
6.264151883709163648e-01
6.674222748959024454e-01
6.869013077933794342e-01
7.281951468066287791e-01
7.664061648534359339e-01
8.100507111626693568e-01
8.100516364865247843e-01
8.459223556691928270e-01
8.731557848472810690e-01
8.831712331457037823e-01
8.886049325014411249e-01
9.130631741372056132e-01
9.148972596586887329e-01
9.004679248564964045e-01
9.300794181632022761e-01
9.178290095615497801e-01
8.979531780557705734e-01
9.141585453155606222e-01
9.062433352063836711e-01
9.020396826510482802e-01
8.932004657932905989e-01
8.976756206099695268e-01
8.746870421540012819e-01
8.680642445920643269e-01
8.506810647894209598e-01
8.269185429329940495e-01
8.166550214879780833e-01
7.911588320974555222e-01
7.661756487839094243e-01
7.472386180417263102e-01
7.189695418272842309e-01
7.037946633701892551e-01
6.776535276995355739e-01
6.618043923670183792e-01
6.304736939653751149e-01
6.186819646973583664e-01
6.039518166228790008e-01
6.015861011152068283e-01
5.842960650341653128e-01
5.895806624818227260e-01
5.831541619371500840e-01
5.851232371839273361e-01
5.918891398575817364e-01
5.967998955192247434e-01
5.956497857920772798e-01
6.289555564914491859e-01
6.330469884182408080e-01
6.460931911391163407e-01
6.653054034667260641e-01
6.757670817953418396e-01
6.712197275696467624e-01
6.940732625367236341e-01
7.002753654312818821e-01
7.025514474685067290e-01
7.194659652242146874e-01
7.301671616066907067e-01
7.331370602030979899e-01
7.426739962214943258e-01
7.366978382535573910e-01
7.405646445118350130e-01
7.492871857561571591e-01
7.439314528070807286e-01
7.342444795979753414e-01
7.283081173494176941e-01
7.245931910322457314e-01
7.239164441619502233e-01
7.092296175976900985e-01
6.974590216162492862e-01
6.994487590777918040e-01
6.920419266220311227e-01
6.791594010496110334e-01
6.776459202248136249e-01
6.622797120389127823e-01
6.594891816161039255e-01
6.512624985959786228e-01
6.381801710942049954e-01
6.381078172335321597e-01
6.156269427851726039e-01
6.152222594383073284e-01
6.130998304722043990e-01
6.132593395888883414e-01
5.985131784498609608e-01
6.006250624551809913e-01
5.913174678499404369e-01
5.880885313173805917e-01
5.891354040299289219e-01
5.894476661725932543e-01
5.837272855359255663e-01
5.849043936404733079e-01
5.907478199468328972e-01
5.947925540393459443e-01
5.950903487594202401e-01
6.020983439434788309e-01
5.992944709369570910e-01
6.092318273203276568e-01
6.019371812273981437e-01
6.091543350339183593e-01
6.131339341663677445e-01
6.125487889744001269e-01
6.182931473854960114e-01
6.149776371728434832e-01
6.178287423690648206e-01
6.207394721927320669e-01
6.193384021068244483e-01
6.173154176896958889e-01
6.145633256977677261e-01
6.180957943500664520e-01
6.091511494556095530e-01
6.080851113462221180e-01
6.036693480992492145e-01
5.996519978236787285e-01
3.004516871691390589e-01
0.000000000000000000e+00
