0.000000000000000000e+00
4.975124378109452988e-02
9.950248756218905977e-02
1.492537313432835966e-01
1.990049751243781195e-01
2.487562189054726425e-01
2.985074626865671932e-01
3.482587064676617161e-01
3.980099502487562391e-01
4.477611940298507620e-01
4.975124378109452850e-01
5.472636815920398634e-01
5.970149253731343864e-01
6.467661691542289093e-01
6.965174129353234322e-01
7.462686567164179552e-01
7.960199004975124781e-01
8.457711442786070011e-01
8.955223880597015240e-01
9.452736318407960470e-01
9.950248756218905699e-01
1.044776119402985204e+00
1.094527363184079727e+00
1.144278606965174250e+00
1.194029850746268773e+00
1.243781094527363296e+00
1.293532338308457819e+00
1.343283582089552342e+00
1.393034825870646864e+00
1.442786069651741387e+00
1.492537313432835910e+00
1.542288557213930433e+00
1.592039800995024956e+00
1.641791044776119479e+00
1.691542288557214002e+00
1.741293532338308525e+00
1.791044776119403048e+00
1.840796019900497571e+00
1.890547263681592094e+00
1.940298507462686617e+00
1.990049751243781140e+00
2.039800995024875885e+00
2.089552238805970408e+00
2.139303482587064931e+00
2.189054726368159454e+00
2.238805970149253977e+00
2.288557213930348500e+00
2.338308457711443022e+00
2.388059701492537545e+00
2.437810945273632068e+00
2.487562189054726591e+00
2.537313432835821114e+00
2.587064676616915637e+00
2.636815920398010160e+00
2.686567164179104683e+00
2.736318407960199206e+00
2.786069651741293729e+00
2.835820895522388252e+00
2.885572139303482775e+00
2.935323383084577298e+00
2.985074626865671821e+00
3.034825870646766344e+00
3.084577114427860867e+00
3.134328358208955390e+00
3.184079601990049913e+00
3.233830845771144435e+00
3.283582089552238958e+00
3.333333333333333481e+00
3.383084577114428004e+00
3.432835820895522527e+00
3.482587064676617050e+00
3.532338308457711573e+00
3.582089552238806096e+00
3.631840796019900619e+00
3.681592039800995142e+00
3.731343283582089665e+00
3.781094527363184188e+00
3.830845771144278711e+00
3.880597014925373234e+00
3.930348258706467757e+00
3.980099502487562280e+00
4.029850746268657247e+00
4.079601990049751770e+00
4.129353233830846293e+00
4.179104477611940816e+00
4.228855721393035338e+00
4.278606965174129861e+00
4.328358208955224384e+00
4.378109452736318907e+00
4.427860696517413430e+00
4.477611940298507953e+00
4.527363184079602476e+00
4.577114427860696999e+00
4.626865671641791522e+00
4.676616915422886045e+00
4.726368159203980568e+00
4.776119402985075091e+00
4.825870646766169614e+00
4.875621890547264137e+00
4.925373134328358660e+00
4.975124378109453183e+00
5.024875621890547706e+00
5.074626865671642229e+00
5.124378109452736751e+00
5.174129353233831274e+00
5.223880597014925797e+00
5.273631840796020320e+00
5.323383084577114843e+00
5.373134328358209366e+00
5.422885572139303889e+00
5.472636815920398412e+00
5.522388059701492935e+00
5.572139303482587458e+00
5.621890547263681981e+00
5.671641791044776504e+00
5.721393034825871027e+00
5.771144278606965550e+00
5.820895522388060073e+00
5.870646766169154596e+00
5.920398009950249119e+00
5.970149253731343642e+00
6.019900497512438164e+00
6.069651741293532687e+00
6.119402985074627210e+00
6.169154228855721733e+00
6.218905472636816256e+00
6.268656716417910779e+00
6.318407960199005302e+00
6.368159203980099825e+00
6.417910447761194348e+00
6.467661691542288871e+00
6.517412935323383394e+00
6.567164179104477917e+00
6.616915422885572440e+00
6.666666666666666963e+00
6.716417910447761486e+00
6.766169154228856009e+00
6.815920398009950532e+00
6.865671641791045055e+00
6.915422885572139577e+00
6.965174129353234100e+00
7.014925373134328623e+00
7.064676616915423146e+00
7.114427860696517669e+00
7.164179104477612192e+00
7.213930348258706715e+00
7.263681592039801238e+00
7.313432835820895761e+00
7.363184079601990284e+00
7.412935323383084807e+00
7.462686567164179330e+00
7.512437810945273853e+00
7.562189054726368376e+00
7.611940298507462899e+00
7.661691542288557422e+00
7.711442786069651945e+00
7.761194029850746468e+00
7.810945273631840990e+00
7.860696517412935513e+00
7.910447761194030036e+00
7.960199004975124559e+00
8.009950248756219082e+00
8.059701492537314493e+00
8.109452736318408128e+00
8.159203980099503539e+00
8.208955223880597174e+00
8.258706467661692585e+00
8.308457711442786220e+00
8.358208955223881631e+00
8.407960199004975266e+00
8.457711442786070677e+00
8.507462686567164312e+00
8.557213930348259723e+00
8.606965174129353358e+00
8.656716417910448769e+00
8.706467661691542403e+00
8.756218905472637815e+00
8.805970149253731449e+00
8.855721393034826860e+00
8.905472636815920495e+00
8.955223880597015906e+00
9.004975124378109541e+00
9.054726368159204952e+00
9.104477611940298587e+00
9.154228855721393998e+00
9.203980099502487633e+00
9.253731343283583044e+00
9.303482587064676679e+00
9.353233830845772090e+00
9.402985074626865725e+00
9.452736318407961136e+00
9.502487562189054771e+00
9.552238805970150182e+00
9.601990049751243816e+00
9.651741293532339228e+00
9.701492537313432862e+00
9.751243781094528273e+00
9.800995024875621908e+00
9.850746268656717319e+00
9.900497512437810954e+00
9.950248756218906365e+00
1.000000000000000000e+01
0.000000000000000000e+00
0.000000000000000000e+00
0.000000000000000000e+00
0.000000000000000000e+00
0.000000000000000000e+00
0.000000000000000000e+00
0.000000000000000000e+00
0.000000000000000000e+00
0.000000000000000000e+00
0.000000000000000000e+00
0.000000000000000000e+00
0.000000000000000000e+00
0.000000000000000000e+00
0.000000000000000000e+00
0.000000000000000000e+00
0.000000000000000000e+00
0.000000000000000000e+00
0.000000000000000000e+00
0.000000000000000000e+00
0.000000000000000000e+00
0.000000000000000000e+00
0.000000000000000000e+00
0.000000000000000000e+00
0.000000000000000000e+00
0.000000000000000000e+00
0.000000000000000000e+00
0.000000000000000000e+00
0.000000000000000000e+00
0.000000000000000000e+00
0.000000000000000000e+00
0.000000000000000000e+00
0.000000000000000000e+00
0.000000000000000000e+00
0.000000000000000000e+00
0.000000000000000000e+00
0.000000000000000000e+00
0.000000000000000000e+00
0.000000000000000000e+00
0.000000000000000000e+00
0.000000000000000000e+00
0.000000000000000000e+00
0.000000000000000000e+00
8.671720807871229064e-03
1.129367846573574481e-02
2.454589456722819016e-02
7.160747224100866282e-02
1.633161000042837319e-01
2.801080615857613476e-01
4.040223708088756527e-01
5.637558539651871259e-01
7.869056527949577218e-01
1.141771067690944275e+00
1.477537895206904484e+00
1.828845101491956227e+00
1.902349363834801022e+00
1.791299752849067728e+00
1.671258260135967122e+00
1.514270374709159928e+00
1.437349432346999079e+00
1.425913574824252850e+00
1.434916936484828653e+00
1.507255503237765470e+00
1.561185147384024363e+00
1.558970993383176351e+00
1.587462041410948155e+00
1.554629217778915828e+00
1.479279566963728643e+00
1.328250045401476731e+00
1.188658780833110606e+00
1.016196399252912830e+00
8.564089803775514209e-01
7.457176386288704162e-01
6.336578869492532906e-01
5.506201450062856440e-01
4.981232991046212755e-01
4.326351687914725130e-01
3.750914881126101164e-01
3.648765499796561285e-01
3.337314740283018333e-01
3.534998533244805285e-01
3.542341116606657070e-01
3.672275153417756677e-01
3.696038713415762400e-01
3.835801002564708240e-01
4.186596984247299424e-01
4.467020181154667258e-01
4.993019652627550542e-01
5.307746536934156989e-01
5.769086422825223659e-01
6.384901848918913547e-01
6.820408944939997387e-01
7.334082771985847016e-01
7.691653931009936329e-01
8.129512533546566777e-01
8.513571680867443314e-01
8.751202172524099598e-01
8.928707055859659292e-01
9.000349591035741170e-01
9.068108076922543059e-01
8.969426186237932086e-01
9.049683637622590870e-01
9.259164046204668708e-01
9.373450939845572316e-01
9.388257818341664285e-01
9.492425836489042368e-01
9.396935522442986244e-01
9.089767963800300388e-01
8.824617505282332797e-01
8.733617304422889305e-01
8.739198979165865300e-01
8.720389002185280347e-01
8.805029504424721765e-01
8.625391720096757808e-01
8.676453354795649053e-01
8.575316845048117642e-01
8.348267426197961694e-01
8.144092619103722175e-01
7.732576060094615844e-01
7.539189845034978132e-01
7.197489729551749260e-01
6.647527591468215258e-01
6.456587581698063349e-01
6.234389203457417761e-01
6.060722972753488369e-01
5.959008407692090170e-01
5.857726649519563455e-01
5.737012954698601508e-01
5.696164888252842617e-01
5.643363196855752939e-01
5.708203067265700259e-01
5.748923398631065051e-01
5.737606944981380463e-01
5.820702504672998767e-01
5.969445795697526647e-01
6.094684036361049939e-01
6.333070556507303106e-01
6.549777200136988053e-01
6.693046450086989063e-01
6.885471543234620295e-01
7.053738087713929961e-01
7.119775460927487698e-01
7.133560782699177594e-01
7.259175558776155279e-01
7.348535440387259365e-01
7.557148141356208049e-01
7.576213482137794664e-01
7.594804364397148566e-01
7.652097428640263210e-01
7.638923585919328296e-01
7.641810011371108491e-01
7.499087827521228045e-01
7.358753628938690117e-01
7.337534756988278728e-01
7.117813963319321591e-01
7.058302123588812149e-01
6.968430536041588796e-01
7.040940542785192324e-01
6.996735589544467171e-01
6.913125601594775071e-01
6.729274316297338965e-01
6.723880559419191938e-01
6.603246427782811789e-01
6.455184874777318838e-01
6.317982479857369160e-01
6.192750552838282019e-01
6.186733567442236348e-01
6.118037085962282351e-01
6.057350146600446461e-01
5.899984129976771907e-01
5.998884162758270078e-01
5.994179395533353327e-01
5.934166945336379895e-01
6.010410574684921237e-01
5.996336976758108728e-01
5.892139379651473163e-01
5.899652931022728586e-01
5.922230752337875881e-01
5.873840886818630924e-01
5.974784918471165440e-01
5.976875839429405257e-01
5.936220774819480628e-01
5.986857191697508851e-01
6.064522981643337696e-01
6.066744175974345676e-01
6.164368938467605918e-01
6.203238252567032651e-01
6.300992015640312083e-01
6.269069960997767366e-01
6.238591098723957895e-01
6.256373679919596809e-01
6.279376283863433716e-01
6.206307345911847850e-01
6.121067610480291910e-01
6.133107490035101250e-01
6.122441392479152089e-01
6.107916709108561770e-01
6.057013311580277115e-01
6.088212918684331454e-01
6.110990624006150673e-01
5.989705523232942141e-01
3.021582352899068735e-01
0.000000000000000000e+00
