0.000000000000000000e+00
4.975124378109452988e-02
9.950248756218905977e-02
1.492537313432835966e-01
1.990049751243781195e-01
2.487562189054726425e-01
2.985074626865671932e-01
3.482587064676617161e-01
3.980099502487562391e-01
4.477611940298507620e-01
4.975124378109452850e-01
5.472636815920398634e-01
5.970149253731343864e-01
6.467661691542289093e-01
6.965174129353234322e-01
7.462686567164179552e-01
7.960199004975124781e-01
8.457711442786070011e-01
8.955223880597015240e-01
9.452736318407960470e-01
9.950248756218905699e-01
1.044776119402985204e+00
1.094527363184079727e+00
1.144278606965174250e+00
1.194029850746268773e+00
1.243781094527363296e+00
1.293532338308457819e+00
1.343283582089552342e+00
1.393034825870646864e+00
1.442786069651741387e+00
1.492537313432835910e+00
1.542288557213930433e+00
1.592039800995024956e+00
1.641791044776119479e+00
1.691542288557214002e+00
1.741293532338308525e+00
1.791044776119403048e+00
1.840796019900497571e+00
1.890547263681592094e+00
1.940298507462686617e+00
1.990049751243781140e+00
2.039800995024875885e+00
2.089552238805970408e+00
2.139303482587064931e+00
2.189054726368159454e+00
2.238805970149253977e+00
2.288557213930348500e+00
2.338308457711443022e+00
2.388059701492537545e+00
2.437810945273632068e+00
2.487562189054726591e+00
2.537313432835821114e+00
2.587064676616915637e+00
2.636815920398010160e+00
2.686567164179104683e+00
2.736318407960199206e+00
2.786069651741293729e+00
2.835820895522388252e+00
2.885572139303482775e+00
2.935323383084577298e+00
2.985074626865671821e+00
3.034825870646766344e+00
3.084577114427860867e+00
3.134328358208955390e+00
3.184079601990049913e+00
3.233830845771144435e+00
3.283582089552238958e+00
3.333333333333333481e+00
3.383084577114428004e+00
3.432835820895522527e+00
3.482587064676617050e+00
3.532338308457711573e+00
3.582089552238806096e+00
3.631840796019900619e+00
3.681592039800995142e+00
3.731343283582089665e+00
3.781094527363184188e+00
3.830845771144278711e+00
3.880597014925373234e+00
3.930348258706467757e+00
3.980099502487562280e+00
4.029850746268657247e+00
4.079601990049751770e+00
4.129353233830846293e+00
4.179104477611940816e+00
4.228855721393035338e+00
4.278606965174129861e+00
4.328358208955224384e+00
4.378109452736318907e+00
4.427860696517413430e+00
4.477611940298507953e+00
4.527363184079602476e+00
4.577114427860696999e+00
4.626865671641791522e+00
4.676616915422886045e+00
4.726368159203980568e+00
4.776119402985075091e+00
4.825870646766169614e+00
4.875621890547264137e+00
4.925373134328358660e+00
4.975124378109453183e+00
5.024875621890547706e+00
5.074626865671642229e+00
5.124378109452736751e+00
5.174129353233831274e+00
5.223880597014925797e+00
5.273631840796020320e+00
5.323383084577114843e+00
5.373134328358209366e+00
5.422885572139303889e+00
5.472636815920398412e+00
5.522388059701492935e+00
5.572139303482587458e+00
5.621890547263681981e+00
5.671641791044776504e+00
5.721393034825871027e+00
5.771144278606965550e+00
5.820895522388060073e+00
5.870646766169154596e+00
5.920398009950249119e+00
5.970149253731343642e+00
6.019900497512438164e+00
6.069651741293532687e+00
6.119402985074627210e+00
6.169154228855721733e+00
6.218905472636816256e+00
6.268656716417910779e+00
6.318407960199005302e+00
6.368159203980099825e+00
6.417910447761194348e+00
6.467661691542288871e+00
6.517412935323383394e+00
6.567164179104477917e+00
6.616915422885572440e+00
6.666666666666666963e+00
6.716417910447761486e+00
6.766169154228856009e+00
6.815920398009950532e+00
6.865671641791045055e+00
6.915422885572139577e+00
6.965174129353234100e+00
7.014925373134328623e+00
7.064676616915423146e+00
7.114427860696517669e+00
7.164179104477612192e+00
7.213930348258706715e+00
7.263681592039801238e+00
7.313432835820895761e+00
7.363184079601990284e+00
7.412935323383084807e+00
7.462686567164179330e+00
7.512437810945273853e+00
7.562189054726368376e+00
7.611940298507462899e+00
7.661691542288557422e+00
7.711442786069651945e+00
7.761194029850746468e+00
7.810945273631840990e+00
7.860696517412935513e+00
7.910447761194030036e+00
7.960199004975124559e+00
8.009950248756219082e+00
8.059701492537314493e+00
8.109452736318408128e+00
8.159203980099503539e+00
8.208955223880597174e+00
8.258706467661692585e+00
8.308457711442786220e+00
8.358208955223881631e+00
8.407960199004975266e+00
8.457711442786070677e+00
8.507462686567164312e+00
8.557213930348259723e+00
8.606965174129353358e+00
8.656716417910448769e+00
8.706467661691542403e+00
8.756218905472637815e+00
8.805970149253731449e+00
8.855721393034826860e+00
8.905472636815920495e+00
8.955223880597015906e+00
9.004975124378109541e+00
9.054726368159204952e+00
9.104477611940298587e+00
9.154228855721393998e+00
9.203980099502487633e+00
9.253731343283583044e+00
9.303482587064676679e+00
9.353233830845772090e+00
9.402985074626865725e+00
9.452736318407961136e+00
9.502487562189054771e+00
9.552238805970150182e+00
9.601990049751243816e+00
9.651741293532339228e+00
9.701492537313432862e+00
9.751243781094528273e+00
9.800995024875621908e+00
9.850746268656717319e+00
9.900497512437810954e+00
9.950248756218906365e+00
1.000000000000000000e+01
0.000000000000000000e+00
0.000000000000000000e+00
0.000000000000000000e+00
0.000000000000000000e+00
0.000000000000000000e+00
0.000000000000000000e+00
0.000000000000000000e+00
0.000000000000000000e+00
0.000000000000000000e+00
0.000000000000000000e+00
0.000000000000000000e+00
0.000000000000000000e+00
0.000000000000000000e+00
0.000000000000000000e+00
0.000000000000000000e+00
0.000000000000000000e+00
0.000000000000000000e+00
0.000000000000000000e+00
0.000000000000000000e+00
0.000000000000000000e+00
0.000000000000000000e+00
0.000000000000000000e+00
0.000000000000000000e+00
0.000000000000000000e+00
0.000000000000000000e+00
0.000000000000000000e+00
0.000000000000000000e+00
0.000000000000000000e+00
0.000000000000000000e+00
0.000000000000000000e+00
0.000000000000000000e+00
0.000000000000000000e+00
0.000000000000000000e+00
0.000000000000000000e+00
0.000000000000000000e+00
0.000000000000000000e+00
1.171220728543016613e-02
0.000000000000000000e+00
1.405567545365232936e-02
1.113473039844020858e-02
1.498887817721533504e-02
2.870392369093071119e-02
4.032350175660120994e-02
7.619468404883050772e-02
1.389614353725338314e-01
2.197477984115609462e-01
3.030420966746152911e-01
4.533923034114871742e-01
6.080369729280684643e-01
7.683498441982868910e-01
9.709176679608759741e-01
1.173495166429695313e+00
1.309434781380969692e+00
1.435143029132293524e+00
1.518063131240699581e+00
1.610559218345815280e+00
1.592050538077256494e+00
1.532144198773242927e+00
1.555036591444790561e+00
1.508087885164741682e+00
1.498475569557354614e+00
1.483479783385944994e+00
1.468471473862318355e+00
1.397691382768268431e+00
1.365262896001884885e+00
1.342977317643275770e+00
1.256039260467934460e+00
1.198563185466702929e+00
1.093855707648659248e+00
9.806925160396009478e-01
9.251125420345808203e-01
8.306199579169772917e-01
7.385153293052905132e-01
6.634965427196188870e-01
5.880562895867431639e-01
5.489483774688077578e-01
5.119309206901015985e-01
4.637055180131487431e-01
4.381670738685671251e-01
4.257781720233554945e-01
4.222949602963989579e-01
4.158732381532835864e-01
4.318639693163063842e-01
4.318684718823596613e-01
4.528360003369527043e-01
4.795461606752789985e-01
5.185792155126112135e-01
5.327416360261979511e-01
5.823740925778306821e-01
6.129545365114685840e-01
6.517387227443017794e-01
6.922055649964170554e-01
7.328297900525976294e-01
7.491672431863168891e-01
7.844673571967905046e-01
8.135312397360374703e-01
8.391058983310042407e-01
8.550415587180401067e-01
8.891424751591922027e-01
8.909298642086355136e-01
8.995456267149647411e-01
9.027993172880652839e-01
9.085536975956408634e-01
9.186646723553339999e-01
9.130297135204262782e-01
9.122233914535579080e-01
9.119177890191151326e-01
8.987514487037293609e-01
8.934700357557249228e-01
8.938630282632804569e-01
8.778950038612434170e-01
8.801833950420068220e-01
8.646738591437808097e-01
8.579602791219190783e-01
8.459532487816094903e-01
8.252344570387382117e-01
8.026376337179383924e-01
7.774607188343826136e-01
7.489936295698187418e-01
7.174663532234948349e-01
6.912005007174900628e-01
6.683890489804895640e-01
6.621223382677472458e-01
6.369390212935014395e-01
6.005186361600499678e-01
5.972861276768740568e-01
5.945279150160281967e-01
5.909508062488580959e-01
5.819688186615800118e-01
5.805925150857216277e-01
5.950738359480134410e-01
6.001711707324547396e-01
5.904094956659281523e-01
6.078387065267476519e-01
6.286476330828998371e-01
6.286691900046672554e-01
6.461359052202440001e-01
6.584856442056775672e-01
6.626550593314262105e-01
6.817318220233576920e-01
6.941942374256155901e-01
7.081078895322279187e-01
7.213697898114130869e-01
7.277010262480611003e-01
7.282606203731886163e-01
7.370485286410561887e-01
7.425255949833645674e-01
7.359292246504510748e-01
7.468118496757000235e-01
7.349990997088785560e-01
7.373563898675341566e-01
7.239386851537126244e-01
7.274861764664878327e-01
7.233086311414491654e-01
7.175428827700938150e-01
7.025751337501012772e-01
7.098834455230488283e-01
6.940856763061670209e-01
6.876340162613814311e-01
6.896190884176458535e-01
6.696354093467568047e-01
6.632572466692283619e-01
6.510705559906053708e-01
6.459269689493731814e-01
6.389163516164155787e-01
6.322309294807771929e-01
6.266079612827415435e-01
6.132339147243001110e-01
6.101805748010611374e-01
6.054365172356036551e-01
5.957166441300310034e-01
5.970479776219340673e-01
5.913978280947217447e-01
5.921134516992185848e-01
5.913867101728560449e-01
5.908711402292120551e-01
5.929139978899389263e-01
5.857393929911453023e-01
5.890964283281758807e-01
5.948915294206654769e-01
6.003027117944460533e-01
5.963380269495267560e-01
5.943629913087308259e-01
5.997599394577602938e-01
6.078869825283964579e-01
6.095482797098256134e-01
6.133861205736301780e-01
6.155202346828115845e-01
6.205150437008309927e-01
6.219286699778088234e-01
6.138511154796572056e-01
6.265678076356655524e-01
6.154212631999771421e-01
6.218100192470639165e-01
6.167138440421765511e-01
6.151741449743821644e-01
6.191907404294096917e-01
6.129316331174441412e-01
6.062403936476783439e-01
6.103747431973763904e-01
2.994198208635585057e-01
0.000000000000000000e+00
