0.000000000000000000e+00
4.975124378109452988e-02
9.950248756218905977e-02
1.492537313432835966e-01
1.990049751243781195e-01
2.487562189054726425e-01
2.985074626865671932e-01
3.482587064676617161e-01
3.980099502487562391e-01
4.477611940298507620e-01
4.975124378109452850e-01
5.472636815920398634e-01
5.970149253731343864e-01
6.467661691542289093e-01
6.965174129353234322e-01
7.462686567164179552e-01
7.960199004975124781e-01
8.457711442786070011e-01
8.955223880597015240e-01
9.452736318407960470e-01
9.950248756218905699e-01
1.044776119402985204e+00
1.094527363184079727e+00
1.144278606965174250e+00
1.194029850746268773e+00
1.243781094527363296e+00
1.293532338308457819e+00
1.343283582089552342e+00
1.393034825870646864e+00
1.442786069651741387e+00
1.492537313432835910e+00
1.542288557213930433e+00
1.592039800995024956e+00
1.641791044776119479e+00
1.691542288557214002e+00
1.741293532338308525e+00
1.791044776119403048e+00
1.840796019900497571e+00
1.890547263681592094e+00
1.940298507462686617e+00
1.990049751243781140e+00
2.039800995024875885e+00
2.089552238805970408e+00
2.139303482587064931e+00
2.189054726368159454e+00
2.238805970149253977e+00
2.288557213930348500e+00
2.338308457711443022e+00
2.388059701492537545e+00
2.437810945273632068e+00
2.487562189054726591e+00
2.537313432835821114e+00
2.587064676616915637e+00
2.636815920398010160e+00
2.686567164179104683e+00
2.736318407960199206e+00
2.786069651741293729e+00
2.835820895522388252e+00
2.885572139303482775e+00
2.935323383084577298e+00
2.985074626865671821e+00
3.034825870646766344e+00
3.084577114427860867e+00
3.134328358208955390e+00
3.184079601990049913e+00
3.233830845771144435e+00
3.283582089552238958e+00
3.333333333333333481e+00
3.383084577114428004e+00
3.432835820895522527e+00
3.482587064676617050e+00
3.532338308457711573e+00
3.582089552238806096e+00
3.631840796019900619e+00
3.681592039800995142e+00
3.731343283582089665e+00
3.781094527363184188e+00
3.830845771144278711e+00
3.880597014925373234e+00
3.930348258706467757e+00
3.980099502487562280e+00
4.029850746268657247e+00
4.079601990049751770e+00
4.129353233830846293e+00
4.179104477611940816e+00
4.228855721393035338e+00
4.278606965174129861e+00
4.328358208955224384e+00
4.378109452736318907e+00
4.427860696517413430e+00
4.477611940298507953e+00
4.527363184079602476e+00
4.577114427860696999e+00
4.626865671641791522e+00
4.676616915422886045e+00
4.726368159203980568e+00
4.776119402985075091e+00
4.825870646766169614e+00
4.875621890547264137e+00
4.925373134328358660e+00
4.975124378109453183e+00
5.024875621890547706e+00
5.074626865671642229e+00
5.124378109452736751e+00
5.174129353233831274e+00
5.223880597014925797e+00
5.273631840796020320e+00
5.323383084577114843e+00
5.373134328358209366e+00
5.422885572139303889e+00
5.472636815920398412e+00
5.522388059701492935e+00
5.572139303482587458e+00
5.621890547263681981e+00
5.671641791044776504e+00
5.721393034825871027e+00
5.771144278606965550e+00
5.820895522388060073e+00
5.870646766169154596e+00
5.920398009950249119e+00
5.970149253731343642e+00
6.019900497512438164e+00
6.069651741293532687e+00
6.119402985074627210e+00
6.169154228855721733e+00
6.218905472636816256e+00
6.268656716417910779e+00
6.318407960199005302e+00
6.368159203980099825e+00
6.417910447761194348e+00
6.467661691542288871e+00
6.517412935323383394e+00
6.567164179104477917e+00
6.616915422885572440e+00
6.666666666666666963e+00
6.716417910447761486e+00
6.766169154228856009e+00
6.815920398009950532e+00
6.865671641791045055e+00
6.915422885572139577e+00
6.965174129353234100e+00
7.014925373134328623e+00
7.064676616915423146e+00
7.114427860696517669e+00
7.164179104477612192e+00
7.213930348258706715e+00
7.263681592039801238e+00
7.313432835820895761e+00
7.363184079601990284e+00
7.412935323383084807e+00
7.462686567164179330e+00
7.512437810945273853e+00
7.562189054726368376e+00
7.611940298507462899e+00
7.661691542288557422e+00
7.711442786069651945e+00
7.761194029850746468e+00
7.810945273631840990e+00
7.860696517412935513e+00
7.910447761194030036e+00
7.960199004975124559e+00
8.009950248756219082e+00
8.059701492537314493e+00
8.109452736318408128e+00
8.159203980099503539e+00
8.208955223880597174e+00
8.258706467661692585e+00
8.308457711442786220e+00
8.358208955223881631e+00
8.407960199004975266e+00
8.457711442786070677e+00
8.507462686567164312e+00
8.557213930348259723e+00
8.606965174129353358e+00
8.656716417910448769e+00
8.706467661691542403e+00
8.756218905472637815e+00
8.805970149253731449e+00
8.855721393034826860e+00
8.905472636815920495e+00
8.955223880597015906e+00
9.004975124378109541e+00
9.054726368159204952e+00
9.104477611940298587e+00
9.154228855721393998e+00
9.203980099502487633e+00
9.253731343283583044e+00
9.303482587064676679e+00
9.353233830845772090e+00
9.402985074626865725e+00
9.452736318407961136e+00
9.502487562189054771e+00
9.552238805970150182e+00
9.601990049751243816e+00
9.651741293532339228e+00
9.701492537313432862e+00
9.751243781094528273e+00
9.800995024875621908e+00
9.850746268656717319e+00
9.900497512437810954e+00
9.950248756218906365e+00
1.000000000000000000e+01
0.000000000000000000e+00
0.000000000000000000e+00
0.000000000000000000e+00
0.000000000000000000e+00
0.000000000000000000e+00
0.000000000000000000e+00
0.000000000000000000e+00
0.000000000000000000e+00
0.000000000000000000e+00
0.000000000000000000e+00
0.000000000000000000e+00
0.000000000000000000e+00
0.000000000000000000e+00
0.000000000000000000e+00
0.000000000000000000e+00
0.000000000000000000e+00
0.000000000000000000e+00
0.000000000000000000e+00
0.000000000000000000e+00
0.000000000000000000e+00
0.000000000000000000e+00
0.000000000000000000e+00
0.000000000000000000e+00
0.000000000000000000e+00
0.000000000000000000e+00
0.000000000000000000e+00
0.000000000000000000e+00
0.000000000000000000e+00
0.000000000000000000e+00
0.000000000000000000e+00
0.000000000000000000e+00
0.000000000000000000e+00
0.000000000000000000e+00
0.000000000000000000e+00
0.000000000000000000e+00
0.000000000000000000e+00
0.000000000000000000e+00
0.000000000000000000e+00
0.000000000000000000e+00
0.000000000000000000e+00
0.000000000000000000e+00
9.089575835461393555e-03
8.671720807871229064e-03
1.064832541055084521e-02
2.058687931444945496e-02
7.691172944404632561e-02
1.484361886705600764e-01
2.661896485877111584e-01
3.916679677345547006e-01
5.743383017358645315e-01
7.548499583606936847e-01
1.143846476019647618e+00
1.493805938480382345e+00
1.797502897407458278e+00
1.885652789591057310e+00
1.839872173719814485e+00
1.667310211684442933e+00
1.529761022231365120e+00
1.478113869059932917e+00
1.434821359143005237e+00
1.468743056459020702e+00
1.504752795884942262e+00
1.565426949440573257e+00
1.604184088106530126e+00
1.577215454005235662e+00
1.557942030128865118e+00
1.433381359948193268e+00
1.346454751675743244e+00
1.162895245846927494e+00
1.003434634779925227e+00
8.395511620080027271e-01
7.486559702617923140e-01
6.387728841373526700e-01
5.733125466218065291e-01
4.737516012085152828e-01
4.190329081108294385e-01
3.818523296431185488e-01
3.526217579435029781e-01
3.474763807723465492e-01
3.427270016639895611e-01
3.444587653575083008e-01
3.687775016078286838e-01
3.785646704893411152e-01
3.869886911947688635e-01
4.203241287126627812e-01
4.541813773122556630e-01
4.887100695210759294e-01
5.399884130417118566e-01
5.951268099335496053e-01
6.449235846776567582e-01
6.852356921545108559e-01
7.067922723047705968e-01
7.699069360203486534e-01
8.075073833545138857e-01
8.454054850460712700e-01
8.894735806566490544e-01
8.814531395445002193e-01
8.937742818699655478e-01
8.868521357567583641e-01
8.977443192124807680e-01
9.243801905837333299e-01
9.209077023651135452e-01
9.289570493673137141e-01
9.466085630668039652e-01
9.551326287902834888e-01
9.331292540813166392e-01
9.082765600373907677e-01
9.039751493844789820e-01
8.809866918530886437e-01
8.795516789114999900e-01
8.732101209470709557e-01
8.721305989502775580e-01
8.587720770671382065e-01
8.777005213795417982e-01
8.722017444263558961e-01
8.447169252685892138e-01
8.141750006528114536e-01
7.697454158406917823e-01
7.376143612747670941e-01
7.024901408375926470e-01
6.846296332465164891e-01
6.449046726926745965e-01
6.189346867520837403e-01
6.072715112152432537e-01
5.972861793864612245e-01
5.854696790907744086e-01
5.709177854589164713e-01
5.604172877343853720e-01
5.578807053063823407e-01
5.658867646423381137e-01
5.607372627479982885e-01
5.756471570863034293e-01
5.781725597766366187e-01
5.971231718149495604e-01
6.146591125230816965e-01
6.380316103742901257e-01
6.574124226379833846e-01
6.829020662514065920e-01
6.943562781998804390e-01
6.998518914513500722e-01
7.074611502407786023e-01
7.114078869960783758e-01
7.241533362829680742e-01
7.296341391644569629e-01
7.490419198183627669e-01
7.602540673547131256e-01
7.587755305585975885e-01
7.595732431079131874e-01
7.716201152686213982e-01
7.697394585520122012e-01
7.619689249353551741e-01
7.390330305518750809e-01
7.254313242591632349e-01
7.077924998289322200e-01
7.075987922215429826e-01
7.081095559599770439e-01
6.999634211995571231e-01
7.060642983050656740e-01
6.850019546791228375e-01
6.835123847147510645e-01
6.724499131687767806e-01
6.543677911247949286e-01
6.406000789581753896e-01
6.309040251399370414e-01
6.304061047796574169e-01
6.160840349125644710e-01
6.130685379519695832e-01
6.092288203717999284e-01
6.090016446261763416e-01
5.971421063007378294e-01
5.905622475405406524e-01
5.944193622520482778e-01
5.935407679555597671e-01
5.910807418644048461e-01
5.899207433821127555e-01
5.847372611125092323e-01
5.878216420168228540e-01
5.818933353759285776e-01
5.808394702348911309e-01
5.895468588294140444e-01
5.900982264160152813e-01
6.141030381829757356e-01
6.148789041310115389e-01
6.168803767693505913e-01
6.238624332657233262e-01
6.174503464442026024e-01
6.214560856060324934e-01
6.245026201830470303e-01
6.257219118337371544e-01
6.197078927238262036e-01
6.260916578962316681e-01
6.215658779644912535e-01
6.189079472818963534e-01
6.199993977666073963e-01
6.156385848699721386e-01
6.169480035239046645e-01
6.141089721587206229e-01
6.023797122990875996e-01
6.007541468474871804e-01
6.027585876048433544e-01
3.034877553374818460e-01
0.000000000000000000e+00
