0.000000000000000000e+00
4.975124378109452988e-02
9.950248756218905977e-02
1.492537313432835966e-01
1.990049751243781195e-01
2.487562189054726425e-01
2.985074626865671932e-01
3.482587064676617161e-01
3.980099502487562391e-01
4.477611940298507620e-01
4.975124378109452850e-01
5.472636815920398634e-01
5.970149253731343864e-01
6.467661691542289093e-01
6.965174129353234322e-01
7.462686567164179552e-01
7.960199004975124781e-01
8.457711442786070011e-01
8.955223880597015240e-01
9.452736318407960470e-01
9.950248756218905699e-01
1.044776119402985204e+00
1.094527363184079727e+00
1.144278606965174250e+00
1.194029850746268773e+00
1.243781094527363296e+00
1.293532338308457819e+00
1.343283582089552342e+00
1.393034825870646864e+00
1.442786069651741387e+00
1.492537313432835910e+00
1.542288557213930433e+00
1.592039800995024956e+00
1.641791044776119479e+00
1.691542288557214002e+00
1.741293532338308525e+00
1.791044776119403048e+00
1.840796019900497571e+00
1.890547263681592094e+00
1.940298507462686617e+00
1.990049751243781140e+00
2.039800995024875885e+00
2.089552238805970408e+00
2.139303482587064931e+00
2.189054726368159454e+00
2.238805970149253977e+00
2.288557213930348500e+00
2.338308457711443022e+00
2.388059701492537545e+00
2.437810945273632068e+00
2.487562189054726591e+00
2.537313432835821114e+00
2.587064676616915637e+00
2.636815920398010160e+00
2.686567164179104683e+00
2.736318407960199206e+00
2.786069651741293729e+00
2.835820895522388252e+00
2.885572139303482775e+00
2.935323383084577298e+00
2.985074626865671821e+00
3.034825870646766344e+00
3.084577114427860867e+00
3.134328358208955390e+00
3.184079601990049913e+00
3.233830845771144435e+00
3.283582089552238958e+00
3.333333333333333481e+00
3.383084577114428004e+00
3.432835820895522527e+00
3.482587064676617050e+00
3.532338308457711573e+00
3.582089552238806096e+00
3.631840796019900619e+00
3.681592039800995142e+00
3.731343283582089665e+00
3.781094527363184188e+00
3.830845771144278711e+00
3.880597014925373234e+00
3.930348258706467757e+00
3.980099502487562280e+00
4.029850746268657247e+00
4.079601990049751770e+00
4.129353233830846293e+00
4.179104477611940816e+00
4.228855721393035338e+00
4.278606965174129861e+00
4.328358208955224384e+00
4.378109452736318907e+00
4.427860696517413430e+00
4.477611940298507953e+00
4.527363184079602476e+00
4.577114427860696999e+00
4.626865671641791522e+00
4.676616915422886045e+00
4.726368159203980568e+00
4.776119402985075091e+00
4.825870646766169614e+00
4.875621890547264137e+00
4.925373134328358660e+00
4.975124378109453183e+00
5.024875621890547706e+00
5.074626865671642229e+00
5.124378109452736751e+00
5.174129353233831274e+00
5.223880597014925797e+00
5.273631840796020320e+00
5.323383084577114843e+00
5.373134328358209366e+00
5.422885572139303889e+00
5.472636815920398412e+00
5.522388059701492935e+00
5.572139303482587458e+00
5.621890547263681981e+00
5.671641791044776504e+00
5.721393034825871027e+00
5.771144278606965550e+00
5.820895522388060073e+00
5.870646766169154596e+00
5.920398009950249119e+00
5.970149253731343642e+00
6.019900497512438164e+00
6.069651741293532687e+00
6.119402985074627210e+00
6.169154228855721733e+00
6.218905472636816256e+00
6.268656716417910779e+00
6.318407960199005302e+00
6.368159203980099825e+00
6.417910447761194348e+00
6.467661691542288871e+00
6.517412935323383394e+00
6.567164179104477917e+00
6.616915422885572440e+00
6.666666666666666963e+00
6.716417910447761486e+00
6.766169154228856009e+00
6.815920398009950532e+00
6.865671641791045055e+00
6.915422885572139577e+00
6.965174129353234100e+00
7.014925373134328623e+00
7.064676616915423146e+00
7.114427860696517669e+00
7.164179104477612192e+00
7.213930348258706715e+00
7.263681592039801238e+00
7.313432835820895761e+00
7.363184079601990284e+00
7.412935323383084807e+00
7.462686567164179330e+00
7.512437810945273853e+00
7.562189054726368376e+00
7.611940298507462899e+00
7.661691542288557422e+00
7.711442786069651945e+00
7.761194029850746468e+00
7.810945273631840990e+00
7.860696517412935513e+00
7.910447761194030036e+00
7.960199004975124559e+00
8.009950248756219082e+00
8.059701492537314493e+00
8.109452736318408128e+00
8.159203980099503539e+00
8.208955223880597174e+00
8.258706467661692585e+00
8.308457711442786220e+00
8.358208955223881631e+00
8.407960199004975266e+00
8.457711442786070677e+00
8.507462686567164312e+00
8.557213930348259723e+00
8.606965174129353358e+00
8.656716417910448769e+00
8.706467661691542403e+00
8.756218905472637815e+00
8.805970149253731449e+00
8.855721393034826860e+00
8.905472636815920495e+00
8.955223880597015906e+00
9.004975124378109541e+00
9.054726368159204952e+00
9.104477611940298587e+00
9.154228855721393998e+00
9.203980099502487633e+00
9.253731343283583044e+00
9.303482587064676679e+00
9.353233830845772090e+00
9.402985074626865725e+00
9.452736318407961136e+00
9.502487562189054771e+00
9.552238805970150182e+00
9.601990049751243816e+00
9.651741293532339228e+00
9.701492537313432862e+00
9.751243781094528273e+00
9.800995024875621908e+00
9.850746268656717319e+00
9.900497512437810954e+00
9.950248756218906365e+00
1.000000000000000000e+01
0.000000000000000000e+00
0.000000000000000000e+00
0.000000000000000000e+00
0.000000000000000000e+00
0.000000000000000000e+00
0.000000000000000000e+00
0.000000000000000000e+00
0.000000000000000000e+00
0.000000000000000000e+00
0.000000000000000000e+00
0.000000000000000000e+00
0.000000000000000000e+00
0.000000000000000000e+00
0.000000000000000000e+00
0.000000000000000000e+00
0.000000000000000000e+00
0.000000000000000000e+00
0.000000000000000000e+00
0.000000000000000000e+00
0.000000000000000000e+00
0.000000000000000000e+00
0.000000000000000000e+00
0.000000000000000000e+00
0.000000000000000000e+00
0.000000000000000000e+00
0.000000000000000000e+00
0.000000000000000000e+00
0.000000000000000000e+00
0.000000000000000000e+00
0.000000000000000000e+00
0.000000000000000000e+00
0.000000000000000000e+00
3.731537092019193008e-02
9.037925887054036878e-01
5.713544421278682783e+00
1.238327154957208265e+01
1.389373766993966797e+01
1.058530652930118343e+01
6.579745211702051400e+00
3.821028312084752798e+00
2.185517485694477902e+00
1.330662720132703924e+00
9.360689478179684553e-01
6.661530196838213458e-01
5.481562522613179222e-01
4.465015147311294785e-01
4.005939007446054911e-01
3.562279203259585691e-01
3.536391910396839977e-01
3.576006626023834900e-01
3.396031744663542962e-01
3.401134526004026548e-01
3.574751846249048515e-01
3.973502056071624433e-01
4.183838666909730497e-01
4.813232877336504068e-01
5.657938355466543001e-01
6.182949005171878287e-01
7.250033707776810665e-01
8.465924777518548661e-01
1.020954676206496936e+00
1.206947192527439983e+00
1.437964452006730287e+00
1.601850785540657185e+00
1.785168506932568677e+00
1.916217945510251042e+00
2.008809670978419781e+00
2.044518521097779207e+00
2.028362914559247887e+00
1.983481607058491747e+00
1.955155824437499579e+00
1.916385019082536001e+00
1.855612047313246915e+00
1.795742062012343654e+00
1.722985010720575305e+00
1.703954046287183388e+00
1.654752327908543874e+00
1.718583608682395347e+00
1.842585727895408310e+00
2.014862248612645956e+00
2.216587856700859227e+00
2.429483707718588015e+00
2.586831549089691151e+00
2.619117061272588920e+00
2.565327844002794233e+00
2.444565600982142595e+00
2.253129488945524894e+00
2.066952404358921580e+00
1.834592152267316978e+00
1.625919635049195788e+00
1.425022097558782397e+00
1.279301382968322409e+00
1.165449834096644155e+00
1.091951199235106529e+00
1.038631594865800922e+00
9.994107745170947021e-01
1.012097847778031134e+00
1.036476829279879608e+00
1.030209743358047714e+00
1.040880995646022544e+00
1.057796157869569820e+00
1.065833873374352425e+00
1.086112658798287445e+00
1.097805151438537852e+00
1.124182664334435700e+00
1.175356707275096557e+00
1.196829440990761384e+00
1.256961541041577313e+00
1.338772637151516509e+00
1.414056161186220795e+00
1.507425643365674528e+00
1.572228964581623645e+00
1.609681083079944841e+00
1.654675427429853629e+00
1.694552845448858092e+00
1.718828034496881596e+00
1.705430211592164680e+00
1.718657355006668386e+00
1.722252265311117636e+00
1.738856391803480506e+00
1.738719365549482587e+00
1.727360473283363618e+00
1.695782596720393443e+00
1.680399596188298927e+00
1.677027337048325961e+00
1.652904707129152939e+00
1.644414536734538412e+00
1.614284677425813275e+00
1.576630185716537680e+00
1.564173858894074787e+00
1.532564013101612499e+00
1.491602166379744743e+00
1.475785470290325252e+00
1.424360998990672034e+00
1.391954259716240205e+00
1.347478894087009937e+00
1.314803501597472390e+00
1.284671024840442488e+00
1.258808725782373239e+00
1.227604559575729226e+00
1.186532508429036792e+00
1.183933668549415064e+00
1.160085608419916481e+00
1.151094505339928853e+00
1.155896753452225090e+00
1.154138719435084726e+00
1.172339157029749890e+00
1.192336210904693994e+00
1.207020315561595059e+00
1.231997019623562339e+00
1.240848467895313334e+00
1.259011626366536740e+00
1.277646164040220578e+00
1.310707413691361012e+00
1.336446770289690500e+00
1.341229051291445096e+00
1.361703484033171430e+00
1.361484683816891694e+00
1.373345973164925571e+00
1.395624408635993685e+00
1.403094511948600687e+00
1.399354023582134010e+00
1.416005750736240243e+00
1.426999623786887827e+00
1.419024997419278122e+00
1.409547272799382078e+00
1.400596731094145841e+00
1.394657291155031231e+00
1.389939358101933919e+00
1.386290171527271298e+00
1.373835642566454407e+00
1.362606389285840880e+00
1.357171778627843661e+00
1.334287812735635015e+00
1.309846426638932471e+00
1.281212213231030850e+00
1.243257898956473095e+00
1.230863637960126544e+00
1.223707645504398034e+00
1.203993126692828097e+00
1.195377551077285716e+00
1.181890212268451590e+00
1.160115532533275040e+00
1.149845634657234550e+00
1.148634385300058458e+00
1.140922345147045158e+00
1.122085979548560264e+00
1.120498053113696768e+00
1.126694379561953507e+00
1.124863315037335498e+00
1.120443810910394022e+00
1.122451550092221195e+00
1.130486988734657361e+00
1.131350365103252376e+00
1.144890431451153656e+00
1.145374539870815500e+00
1.154538538290130756e+00
1.164264122296120529e+00
1.168227611783174913e+00
1.177614592302712593e+00
5.955293182770819982e-01
0.000000000000000000e+00
