0.000000000000000000e+00
4.975124378109452988e-02
9.950248756218905977e-02
1.492537313432835966e-01
1.990049751243781195e-01
2.487562189054726425e-01
2.985074626865671932e-01
3.482587064676617161e-01
3.980099502487562391e-01
4.477611940298507620e-01
4.975124378109452850e-01
5.472636815920398634e-01
5.970149253731343864e-01
6.467661691542289093e-01
6.965174129353234322e-01
7.462686567164179552e-01
7.960199004975124781e-01
8.457711442786070011e-01
8.955223880597015240e-01
9.452736318407960470e-01
9.950248756218905699e-01
1.044776119402985204e+00
1.094527363184079727e+00
1.144278606965174250e+00
1.194029850746268773e+00
1.243781094527363296e+00
1.293532338308457819e+00
1.343283582089552342e+00
1.393034825870646864e+00
1.442786069651741387e+00
1.492537313432835910e+00
1.542288557213930433e+00
1.592039800995024956e+00
1.641791044776119479e+00
1.691542288557214002e+00
1.741293532338308525e+00
1.791044776119403048e+00
1.840796019900497571e+00
1.890547263681592094e+00
1.940298507462686617e+00
1.990049751243781140e+00
2.039800995024875885e+00
2.089552238805970408e+00
2.139303482587064931e+00
2.189054726368159454e+00
2.238805970149253977e+00
2.288557213930348500e+00
2.338308457711443022e+00
2.388059701492537545e+00
2.437810945273632068e+00
2.487562189054726591e+00
2.537313432835821114e+00
2.587064676616915637e+00
2.636815920398010160e+00
2.686567164179104683e+00
2.736318407960199206e+00
2.786069651741293729e+00
2.835820895522388252e+00
2.885572139303482775e+00
2.935323383084577298e+00
2.985074626865671821e+00
3.034825870646766344e+00
3.084577114427860867e+00
3.134328358208955390e+00
3.184079601990049913e+00
3.233830845771144435e+00
3.283582089552238958e+00
3.333333333333333481e+00
3.383084577114428004e+00
3.432835820895522527e+00
3.482587064676617050e+00
3.532338308457711573e+00
3.582089552238806096e+00
3.631840796019900619e+00
3.681592039800995142e+00
3.731343283582089665e+00
3.781094527363184188e+00
3.830845771144278711e+00
3.880597014925373234e+00
3.930348258706467757e+00
3.980099502487562280e+00
4.029850746268657247e+00
4.079601990049751770e+00
4.129353233830846293e+00
4.179104477611940816e+00
4.228855721393035338e+00
4.278606965174129861e+00
4.328358208955224384e+00
4.378109452736318907e+00
4.427860696517413430e+00
4.477611940298507953e+00
4.527363184079602476e+00
4.577114427860696999e+00
4.626865671641791522e+00
4.676616915422886045e+00
4.726368159203980568e+00
4.776119402985075091e+00
4.825870646766169614e+00
4.875621890547264137e+00
4.925373134328358660e+00
4.975124378109453183e+00
5.024875621890547706e+00
5.074626865671642229e+00
5.124378109452736751e+00
5.174129353233831274e+00
5.223880597014925797e+00
5.273631840796020320e+00
5.323383084577114843e+00
5.373134328358209366e+00
5.422885572139303889e+00
5.472636815920398412e+00
5.522388059701492935e+00
5.572139303482587458e+00
5.621890547263681981e+00
5.671641791044776504e+00
5.721393034825871027e+00
5.771144278606965550e+00
5.820895522388060073e+00
5.870646766169154596e+00
5.920398009950249119e+00
5.970149253731343642e+00
6.019900497512438164e+00
6.069651741293532687e+00
6.119402985074627210e+00
6.169154228855721733e+00
6.218905472636816256e+00
6.268656716417910779e+00
6.318407960199005302e+00
6.368159203980099825e+00
6.417910447761194348e+00
6.467661691542288871e+00
6.517412935323383394e+00
6.567164179104477917e+00
6.616915422885572440e+00
6.666666666666666963e+00
6.716417910447761486e+00
6.766169154228856009e+00
6.815920398009950532e+00
6.865671641791045055e+00
6.915422885572139577e+00
6.965174129353234100e+00
7.014925373134328623e+00
7.064676616915423146e+00
7.114427860696517669e+00
7.164179104477612192e+00
7.213930348258706715e+00
7.263681592039801238e+00
7.313432835820895761e+00
7.363184079601990284e+00
7.412935323383084807e+00
7.462686567164179330e+00
7.512437810945273853e+00
7.562189054726368376e+00
7.611940298507462899e+00
7.661691542288557422e+00
7.711442786069651945e+00
7.761194029850746468e+00
7.810945273631840990e+00
7.860696517412935513e+00
7.910447761194030036e+00
7.960199004975124559e+00
8.009950248756219082e+00
8.059701492537314493e+00
8.109452736318408128e+00
8.159203980099503539e+00
8.208955223880597174e+00
8.258706467661692585e+00
8.308457711442786220e+00
8.358208955223881631e+00
8.407960199004975266e+00
8.457711442786070677e+00
8.507462686567164312e+00
8.557213930348259723e+00
8.606965174129353358e+00
8.656716417910448769e+00
8.706467661691542403e+00
8.756218905472637815e+00
8.805970149253731449e+00
8.855721393034826860e+00
8.905472636815920495e+00
8.955223880597015906e+00
9.004975124378109541e+00
9.054726368159204952e+00
9.104477611940298587e+00
9.154228855721393998e+00
9.203980099502487633e+00
9.253731343283583044e+00
9.303482587064676679e+00
9.353233830845772090e+00
9.402985074626865725e+00
9.452736318407961136e+00
9.502487562189054771e+00
9.552238805970150182e+00
9.601990049751243816e+00
9.651741293532339228e+00
9.701492537313432862e+00
9.751243781094528273e+00
9.800995024875621908e+00
9.850746268656717319e+00
9.900497512437810954e+00
9.950248756218906365e+00
1.000000000000000000e+01
0.000000000000000000e+00
0.000000000000000000e+00
0.000000000000000000e+00
0.000000000000000000e+00
0.000000000000000000e+00
0.000000000000000000e+00
0.000000000000000000e+00
0.000000000000000000e+00
0.000000000000000000e+00
0.000000000000000000e+00
0.000000000000000000e+00
0.000000000000000000e+00
0.000000000000000000e+00
0.000000000000000000e+00
0.000000000000000000e+00
0.000000000000000000e+00
0.000000000000000000e+00
0.000000000000000000e+00
0.000000000000000000e+00
0.000000000000000000e+00
0.000000000000000000e+00
0.000000000000000000e+00
0.000000000000000000e+00
0.000000000000000000e+00
0.000000000000000000e+00
0.000000000000000000e+00
0.000000000000000000e+00
0.000000000000000000e+00
1.271557636025064802e-02
1.485249960968166270e-02
9.903727107059322188e-02
6.673181660568689999e-01
2.404877457461843893e+00
4.979647395088216300e+00
7.387887920134680542e+00
8.309973531616890341e+00
7.947703815972852581e+00
6.622157693008094093e+00
5.467126010172053796e+00
4.094722748642161569e+00
3.094267806845564017e+00
2.406408049005361427e+00
1.785095339783848711e+00
1.426208206321415206e+00
1.146216903211166205e+00
9.129654627750822815e-01
8.086913730439437842e-01
6.892488100117895033e-01
6.084019331992547297e-01
5.609967332572080023e-01
5.459963870354946902e-01
5.309329187395819272e-01
5.491565003423057867e-01
5.673288122512969434e-01
5.877170919930231330e-01
6.165302899202549369e-01
6.809932785026340252e-01
7.411591570981095334e-01
8.484997076643878700e-01
9.395691253084621497e-01
1.049981114572958951e+00
1.194567533643615898e+00
1.288024932137563194e+00
1.422358907933420458e+00
1.515988483237292073e+00
1.633161217411689847e+00
1.710555332636885861e+00
1.772085647634379812e+00
1.806895018678021048e+00
1.809761921827864217e+00
1.810266611819822957e+00
1.811076671155557705e+00
1.812868955923853331e+00
1.772796089277152820e+00
1.800455648684674559e+00
1.835034555307808901e+00
1.900949605972215961e+00
1.954290140949651589e+00
2.021643902968705664e+00
2.127731962833970591e+00
2.247637526666777852e+00
2.282610952803811877e+00
2.317584987722948853e+00
2.327068420988337660e+00
2.292469438716666641e+00
2.201439259345455923e+00
2.077018756356053153e+00
1.966076620594611857e+00
1.840194887885764796e+00
1.688960244503622476e+00
1.572237792277133561e+00
1.450182339016384159e+00
1.336075844180812044e+00
1.258724128306425660e+00
1.210324844647393094e+00
1.155768143454954267e+00
1.123593410795464598e+00
1.097216809982696883e+00
1.081491101055387372e+00
1.081570903576706488e+00
1.102978274121666491e+00
1.103967280676718676e+00
1.121795617611706986e+00
1.148031207810922716e+00
1.158664712407851516e+00
1.206288399235451392e+00
1.243064316184145479e+00
1.288316817995349917e+00
1.329951895021568298e+00
1.373622992827302491e+00
1.448493007953117306e+00
1.490516536084864008e+00
1.540170128684567263e+00
1.556632472942674816e+00
1.600431235824041565e+00
1.636216524331377986e+00
1.656097648786043042e+00
1.666970144356945793e+00
1.670637180868518312e+00
1.680560330835480176e+00
1.682332415320362928e+00
1.681090606184350023e+00
1.668251134029276272e+00
1.668367680531548825e+00
1.655160655382974522e+00
1.658697518768303070e+00
1.622965939741004338e+00
1.599174724819967697e+00
1.580389498759983136e+00
1.559301535945194939e+00
1.517670835939244345e+00
1.490681556899805749e+00
1.472158199200165996e+00
1.439160560308138326e+00
1.398379341028872958e+00
1.385580180931742733e+00
1.348533212469819054e+00
1.324904733612982666e+00
1.303474614572857515e+00
1.259849639340584915e+00
1.257587834764535062e+00
1.231425721953195662e+00
1.216119675605975115e+00
1.204651174939423308e+00
1.205919830853451113e+00
1.200870162661868523e+00
1.200571896812584916e+00
1.207470788666203720e+00
1.211331360446275429e+00
1.223798439839018259e+00
1.234774843652487464e+00
1.255146787912008843e+00
1.259464557443824351e+00
1.275310918585136566e+00
1.304621310147904278e+00
1.314753811602589639e+00
1.320835459629461139e+00
1.345656455183019906e+00
1.355072481299116172e+00
1.360242969722055273e+00
1.368708176291171918e+00
1.381343585097965398e+00
1.381331098103873556e+00
1.390718793018145716e+00
1.391666938634105843e+00
1.388921076868794069e+00
1.385124866966336521e+00
1.382134966866766401e+00
1.379717701565821741e+00
1.371914596472530556e+00
1.364528259000646004e+00
1.352647824444790370e+00
1.332196116214930726e+00
1.318693571171605239e+00
1.293102991650372457e+00
1.292466664123284481e+00
1.263499283084117408e+00
1.262083700894250704e+00
1.232802431632856965e+00
1.220858965138488683e+00
1.210294881047584648e+00
1.191753018131709752e+00
1.178588353869906680e+00
1.177467704169994356e+00
1.164397780356949186e+00
1.154074766757699377e+00
1.152024582096166316e+00
1.146427733849204822e+00
1.136558624704588905e+00
1.137438157089144752e+00
1.140391539066857751e+00
1.132169494172774682e+00
1.134735914500201837e+00
1.142204418383747200e+00
1.148138646750406888e+00
1.146696789679882089e+00
1.146892040256132450e+00
1.156708305231139988e+00
1.159707893060578865e+00
1.174647062880698423e+00
5.875885744447728598e-01
0.000000000000000000e+00
