0.000000000000000000e+00
4.975124378109452988e-02
9.950248756218905977e-02
1.492537313432835966e-01
1.990049751243781195e-01
2.487562189054726425e-01
2.985074626865671932e-01
3.482587064676617161e-01
3.980099502487562391e-01
4.477611940298507620e-01
4.975124378109452850e-01
5.472636815920398634e-01
5.970149253731343864e-01
6.467661691542289093e-01
6.965174129353234322e-01
7.462686567164179552e-01
7.960199004975124781e-01
8.457711442786070011e-01
8.955223880597015240e-01
9.452736318407960470e-01
9.950248756218905699e-01
1.044776119402985204e+00
1.094527363184079727e+00
1.144278606965174250e+00
1.194029850746268773e+00
1.243781094527363296e+00
1.293532338308457819e+00
1.343283582089552342e+00
1.393034825870646864e+00
1.442786069651741387e+00
1.492537313432835910e+00
1.542288557213930433e+00
1.592039800995024956e+00
1.641791044776119479e+00
1.691542288557214002e+00
1.741293532338308525e+00
1.791044776119403048e+00
1.840796019900497571e+00
1.890547263681592094e+00
1.940298507462686617e+00
1.990049751243781140e+00
2.039800995024875885e+00
2.089552238805970408e+00
2.139303482587064931e+00
2.189054726368159454e+00
2.238805970149253977e+00
2.288557213930348500e+00
2.338308457711443022e+00
2.388059701492537545e+00
2.437810945273632068e+00
2.487562189054726591e+00
2.537313432835821114e+00
2.587064676616915637e+00
2.636815920398010160e+00
2.686567164179104683e+00
2.736318407960199206e+00
2.786069651741293729e+00
2.835820895522388252e+00
2.885572139303482775e+00
2.935323383084577298e+00
2.985074626865671821e+00
3.034825870646766344e+00
3.084577114427860867e+00
3.134328358208955390e+00
3.184079601990049913e+00
3.233830845771144435e+00
3.283582089552238958e+00
3.333333333333333481e+00
3.383084577114428004e+00
3.432835820895522527e+00
3.482587064676617050e+00
3.532338308457711573e+00
3.582089552238806096e+00
3.631840796019900619e+00
3.681592039800995142e+00
3.731343283582089665e+00
3.781094527363184188e+00
3.830845771144278711e+00
3.880597014925373234e+00
3.930348258706467757e+00
3.980099502487562280e+00
4.029850746268657247e+00
4.079601990049751770e+00
4.129353233830846293e+00
4.179104477611940816e+00
4.228855721393035338e+00
4.278606965174129861e+00
4.328358208955224384e+00
4.378109452736318907e+00
4.427860696517413430e+00
4.477611940298507953e+00
4.527363184079602476e+00
4.577114427860696999e+00
4.626865671641791522e+00
4.676616915422886045e+00
4.726368159203980568e+00
4.776119402985075091e+00
4.825870646766169614e+00
4.875621890547264137e+00
4.925373134328358660e+00
4.975124378109453183e+00
5.024875621890547706e+00
5.074626865671642229e+00
5.124378109452736751e+00
5.174129353233831274e+00
5.223880597014925797e+00
5.273631840796020320e+00
5.323383084577114843e+00
5.373134328358209366e+00
5.422885572139303889e+00
5.472636815920398412e+00
5.522388059701492935e+00
5.572139303482587458e+00
5.621890547263681981e+00
5.671641791044776504e+00
5.721393034825871027e+00
5.771144278606965550e+00
5.820895522388060073e+00
5.870646766169154596e+00
5.920398009950249119e+00
5.970149253731343642e+00
6.019900497512438164e+00
6.069651741293532687e+00
6.119402985074627210e+00
6.169154228855721733e+00
6.218905472636816256e+00
6.268656716417910779e+00
6.318407960199005302e+00
6.368159203980099825e+00
6.417910447761194348e+00
6.467661691542288871e+00
6.517412935323383394e+00
6.567164179104477917e+00
6.616915422885572440e+00
6.666666666666666963e+00
6.716417910447761486e+00
6.766169154228856009e+00
6.815920398009950532e+00
6.865671641791045055e+00
6.915422885572139577e+00
6.965174129353234100e+00
7.014925373134328623e+00
7.064676616915423146e+00
7.114427860696517669e+00
7.164179104477612192e+00
7.213930348258706715e+00
7.263681592039801238e+00
7.313432835820895761e+00
7.363184079601990284e+00
7.412935323383084807e+00
7.462686567164179330e+00
7.512437810945273853e+00
7.562189054726368376e+00
7.611940298507462899e+00
7.661691542288557422e+00
7.711442786069651945e+00
7.761194029850746468e+00
7.810945273631840990e+00
7.860696517412935513e+00
7.910447761194030036e+00
7.960199004975124559e+00
8.009950248756219082e+00
8.059701492537314493e+00
8.109452736318408128e+00
8.159203980099503539e+00
8.208955223880597174e+00
8.258706467661692585e+00
8.308457711442786220e+00
8.358208955223881631e+00
8.407960199004975266e+00
8.457711442786070677e+00
8.507462686567164312e+00
8.557213930348259723e+00
8.606965174129353358e+00
8.656716417910448769e+00
8.706467661691542403e+00
8.756218905472637815e+00
8.805970149253731449e+00
8.855721393034826860e+00
8.905472636815920495e+00
8.955223880597015906e+00
9.004975124378109541e+00
9.054726368159204952e+00
9.104477611940298587e+00
9.154228855721393998e+00
9.203980099502487633e+00
9.253731343283583044e+00
9.303482587064676679e+00
9.353233830845772090e+00
9.402985074626865725e+00
9.452736318407961136e+00
9.502487562189054771e+00
9.552238805970150182e+00
9.601990049751243816e+00
9.651741293532339228e+00
9.701492537313432862e+00
9.751243781094528273e+00
9.800995024875621908e+00
9.850746268656717319e+00
9.900497512437810954e+00
9.950248756218906365e+00
1.000000000000000000e+01
0.000000000000000000e+00
0.000000000000000000e+00
0.000000000000000000e+00
0.000000000000000000e+00
0.000000000000000000e+00
0.000000000000000000e+00
0.000000000000000000e+00
0.000000000000000000e+00
0.000000000000000000e+00
0.000000000000000000e+00
0.000000000000000000e+00
0.000000000000000000e+00
0.000000000000000000e+00
0.000000000000000000e+00
0.000000000000000000e+00
0.000000000000000000e+00
0.000000000000000000e+00
0.000000000000000000e+00
0.000000000000000000e+00
0.000000000000000000e+00
0.000000000000000000e+00
0.000000000000000000e+00
0.000000000000000000e+00
0.000000000000000000e+00
0.000000000000000000e+00
0.000000000000000000e+00
0.000000000000000000e+00
0.000000000000000000e+00
0.000000000000000000e+00
1.320222187527259061e-02
1.090522760103161126e-01
7.043913975044728826e-01
2.322881839781948621e+00
5.023588181130701713e+00
7.342930313152888466e+00
8.449422000174454439e+00
7.984807942097840616e+00
6.888021550287215078e+00
5.330026013774989302e+00
4.092049298712419514e+00
3.057688777467764574e+00
2.304562337396116156e+00
1.822110114365468103e+00
1.389199705227869064e+00
1.148593303148715217e+00
9.263579813267236451e-01
7.721417180515355305e-01
6.581513889540185902e-01
6.048388179242958351e-01
5.438866537068548501e-01
5.176275988536804817e-01
5.161023902831690657e-01
5.217462625435910217e-01
5.152533815210551538e-01
5.705716610386402099e-01
6.202813038522919653e-01
6.653590683871796196e-01
7.613451345700075201e-01
8.664711895247668716e-01
9.441734001874634297e-01
1.080157114854924494e+00
1.193315658026150583e+00
1.320761053726249523e+00
1.441809300488677392e+00
1.545855190144713287e+00
1.648872952535981096e+00
1.710793554951855144e+00
1.790240130288774267e+00
1.793193657979486932e+00
1.833986651803491963e+00
1.839859650121676182e+00
1.810457817005154180e+00
1.805243427882553764e+00
1.778556993070243397e+00
1.836196703745412551e+00
1.850493909125919156e+00
1.874977145868796269e+00
1.953587064045051447e+00
2.039549720476036221e+00
2.125058512904227648e+00
2.204037596399673671e+00
2.304001733026917353e+00
2.320379129034336074e+00
2.323355296085916954e+00
2.289435211806786441e+00
2.188643136101419806e+00
2.094326068624172255e+00
1.976088248688947946e+00
1.823049166836537394e+00
1.689356311159880608e+00
1.569590492503690538e+00
1.459026455041053216e+00
1.341577914795845317e+00
1.270403074355324513e+00
1.205585210422918552e+00
1.154143651310145513e+00
1.119558658005332941e+00
1.086249095776963491e+00
1.103476619302226069e+00
1.080982744592163147e+00
1.093071754432981768e+00
1.109055161165848791e+00
1.119880430556749129e+00
1.147635727052085164e+00
1.172486630411964104e+00
1.191203251002478369e+00
1.238440828664807203e+00
1.292625876524085005e+00
1.346423280835655101e+00
1.383742332230791572e+00
1.433694754141864092e+00
1.486424520886278078e+00
1.532004685246556308e+00
1.571443829894158206e+00
1.591779163461622959e+00
1.638521222546672984e+00
1.655863289817842698e+00
1.667930159413589575e+00
1.685513803597402882e+00
1.688023711889344636e+00
1.687919982279595832e+00
1.681916853811117774e+00
1.680126065305547867e+00
1.674661832941583217e+00
1.667035050590919720e+00
1.643137757272446153e+00
1.618424273917025813e+00
1.610825379421018777e+00
1.584052419161289249e+00
1.559333174405901357e+00
1.526862231886731092e+00
1.509155120463913757e+00
1.462455249033990379e+00
1.427606778032128210e+00
1.409058471612426811e+00
1.381590820093675287e+00
1.351239565960421052e+00
1.323416675996133884e+00
1.285403471214625393e+00
1.275890338919041467e+00
1.237309365401565220e+00
1.223868360021270751e+00
1.216381150487851448e+00
1.206894521234635809e+00
1.210548300648582654e+00
1.198261429384582133e+00
1.209133271014917188e+00
1.201709884873112921e+00
1.206081037625826635e+00
1.218926819967042441e+00
1.238620690663388757e+00
1.249939670233753297e+00
1.272575414461828647e+00
1.283540040058877008e+00
1.299480274278846714e+00
1.316863042316390509e+00
1.335477665825057780e+00
1.342422270441863574e+00
1.354120736931104796e+00
1.359553720912042962e+00
1.379909004282763529e+00
1.382056668069623351e+00
1.391534260544158297e+00
1.391832067825296004e+00
1.398756859108942541e+00
1.391870448253035297e+00
1.390224638785416245e+00
1.384825087969540736e+00
1.380597587751164479e+00
1.373246696091502850e+00
1.362279127019124569e+00
1.350189812070229589e+00
1.335787037634813323e+00
1.323108701852247604e+00
1.302862720700012744e+00
1.280556278976574536e+00
1.271571943027098417e+00
1.254590885790061394e+00
1.234804953349214918e+00
1.222558751204930072e+00
1.200486002150265463e+00
1.196870054888915735e+00
1.182180734855855286e+00
1.168307726858730300e+00
1.161351336317212990e+00
1.156578517992630228e+00
1.151397675709827206e+00
1.143341587483951871e+00
1.133011088894566587e+00
1.142562886594357563e+00
1.142252936183588474e+00
1.128876996700706403e+00
1.145602255056003438e+00
1.143071037821063785e+00
1.144088923779909450e+00
1.150927989068895929e+00
1.153257233214163291e+00
1.164468702180551318e+00
1.160423495425551454e+00
1.173591050158450111e+00
5.840284742932876361e-01
0.000000000000000000e+00
