0.000000000000000000e+00
4.975124378109452988e-02
9.950248756218905977e-02
1.492537313432835966e-01
1.990049751243781195e-01
2.487562189054726425e-01
2.985074626865671932e-01
3.482587064676617161e-01
3.980099502487562391e-01
4.477611940298507620e-01
4.975124378109452850e-01
5.472636815920398634e-01
5.970149253731343864e-01
6.467661691542289093e-01
6.965174129353234322e-01
7.462686567164179552e-01
7.960199004975124781e-01
8.457711442786070011e-01
8.955223880597015240e-01
9.452736318407960470e-01
9.950248756218905699e-01
1.044776119402985204e+00
1.094527363184079727e+00
1.144278606965174250e+00
1.194029850746268773e+00
1.243781094527363296e+00
1.293532338308457819e+00
1.343283582089552342e+00
1.393034825870646864e+00
1.442786069651741387e+00
1.492537313432835910e+00
1.542288557213930433e+00
1.592039800995024956e+00
1.641791044776119479e+00
1.691542288557214002e+00
1.741293532338308525e+00
1.791044776119403048e+00
1.840796019900497571e+00
1.890547263681592094e+00
1.940298507462686617e+00
1.990049751243781140e+00
2.039800995024875885e+00
2.089552238805970408e+00
2.139303482587064931e+00
2.189054726368159454e+00
2.238805970149253977e+00
2.288557213930348500e+00
2.338308457711443022e+00
2.388059701492537545e+00
2.437810945273632068e+00
2.487562189054726591e+00
2.537313432835821114e+00
2.587064676616915637e+00
2.636815920398010160e+00
2.686567164179104683e+00
2.736318407960199206e+00
2.786069651741293729e+00
2.835820895522388252e+00
2.885572139303482775e+00
2.935323383084577298e+00
2.985074626865671821e+00
3.034825870646766344e+00
3.084577114427860867e+00
3.134328358208955390e+00
3.184079601990049913e+00
3.233830845771144435e+00
3.283582089552238958e+00
3.333333333333333481e+00
3.383084577114428004e+00
3.432835820895522527e+00
3.482587064676617050e+00
3.532338308457711573e+00
3.582089552238806096e+00
3.631840796019900619e+00
3.681592039800995142e+00
3.731343283582089665e+00
3.781094527363184188e+00
3.830845771144278711e+00
3.880597014925373234e+00
3.930348258706467757e+00
3.980099502487562280e+00
4.029850746268657247e+00
4.079601990049751770e+00
4.129353233830846293e+00
4.179104477611940816e+00
4.228855721393035338e+00
4.278606965174129861e+00
4.328358208955224384e+00
4.378109452736318907e+00
4.427860696517413430e+00
4.477611940298507953e+00
4.527363184079602476e+00
4.577114427860696999e+00
4.626865671641791522e+00
4.676616915422886045e+00
4.726368159203980568e+00
4.776119402985075091e+00
4.825870646766169614e+00
4.875621890547264137e+00
4.925373134328358660e+00
4.975124378109453183e+00
5.024875621890547706e+00
5.074626865671642229e+00
5.124378109452736751e+00
5.174129353233831274e+00
5.223880597014925797e+00
5.273631840796020320e+00
5.323383084577114843e+00
5.373134328358209366e+00
5.422885572139303889e+00
5.472636815920398412e+00
5.522388059701492935e+00
5.572139303482587458e+00
5.621890547263681981e+00
5.671641791044776504e+00
5.721393034825871027e+00
5.771144278606965550e+00
5.820895522388060073e+00
5.870646766169154596e+00
5.920398009950249119e+00
5.970149253731343642e+00
6.019900497512438164e+00
6.069651741293532687e+00
6.119402985074627210e+00
6.169154228855721733e+00
6.218905472636816256e+00
6.268656716417910779e+00
6.318407960199005302e+00
6.368159203980099825e+00
6.417910447761194348e+00
6.467661691542288871e+00
6.517412935323383394e+00
6.567164179104477917e+00
6.616915422885572440e+00
6.666666666666666963e+00
6.716417910447761486e+00
6.766169154228856009e+00
6.815920398009950532e+00
6.865671641791045055e+00
6.915422885572139577e+00
6.965174129353234100e+00
7.014925373134328623e+00
7.064676616915423146e+00
7.114427860696517669e+00
7.164179104477612192e+00
7.213930348258706715e+00
7.263681592039801238e+00
7.313432835820895761e+00
7.363184079601990284e+00
7.412935323383084807e+00
7.462686567164179330e+00
7.512437810945273853e+00
7.562189054726368376e+00
7.611940298507462899e+00
7.661691542288557422e+00
7.711442786069651945e+00
7.761194029850746468e+00
7.810945273631840990e+00
7.860696517412935513e+00
7.910447761194030036e+00
7.960199004975124559e+00
8.009950248756219082e+00
8.059701492537314493e+00
8.109452736318408128e+00
8.159203980099503539e+00
8.208955223880597174e+00
8.258706467661692585e+00
8.308457711442786220e+00
8.358208955223881631e+00
8.407960199004975266e+00
8.457711442786070677e+00
8.507462686567164312e+00
8.557213930348259723e+00
8.606965174129353358e+00
8.656716417910448769e+00
8.706467661691542403e+00
8.756218905472637815e+00
8.805970149253731449e+00
8.855721393034826860e+00
8.905472636815920495e+00
8.955223880597015906e+00
9.004975124378109541e+00
9.054726368159204952e+00
9.104477611940298587e+00
9.154228855721393998e+00
9.203980099502487633e+00
9.253731343283583044e+00
9.303482587064676679e+00
9.353233830845772090e+00
9.402985074626865725e+00
9.452736318407961136e+00
9.502487562189054771e+00
9.552238805970150182e+00
9.601990049751243816e+00
9.651741293532339228e+00
9.701492537313432862e+00
9.751243781094528273e+00
9.800995024875621908e+00
9.850746268656717319e+00
9.900497512437810954e+00
9.950248756218906365e+00
1.000000000000000000e+01
0.000000000000000000e+00
0.000000000000000000e+00
0.000000000000000000e+00
0.000000000000000000e+00
0.000000000000000000e+00
0.000000000000000000e+00
0.000000000000000000e+00
0.000000000000000000e+00
0.000000000000000000e+00
0.000000000000000000e+00
0.000000000000000000e+00
0.000000000000000000e+00
0.000000000000000000e+00
0.000000000000000000e+00
0.000000000000000000e+00
0.000000000000000000e+00
0.000000000000000000e+00
0.000000000000000000e+00
0.000000000000000000e+00
0.000000000000000000e+00
0.000000000000000000e+00
0.000000000000000000e+00
0.000000000000000000e+00
0.000000000000000000e+00
0.000000000000000000e+00
0.000000000000000000e+00
0.000000000000000000e+00
0.000000000000000000e+00
0.000000000000000000e+00
0.000000000000000000e+00
0.000000000000000000e+00
0.000000000000000000e+00
2.635850300456770920e-02
8.663272869218122674e-01
5.629739950011647842e+00
1.254334848980976602e+01
1.399567637434621759e+01
1.048273788241216131e+01
6.421201369714678364e+00
3.795296356510978963e+00
2.238636597921369820e+00
1.374310882250952215e+00
9.007892407948631108e-01
6.783050648190153131e-01
5.288810083234198878e-01
4.465015147311294230e-01
4.141487396821871836e-01
3.771142479020733740e-01
3.670008733207802964e-01
3.601671745349364073e-01
3.626271184979715789e-01
3.848027783490601816e-01
3.761293742379190341e-01
4.013842178468290944e-01
4.443671486527699943e-01
5.019538643598535632e-01
5.325505677222145406e-01
6.527859013943675404e-01
7.208561057329782029e-01
8.740696020297658020e-01
9.945147521499178023e-01
1.214319348941402810e+00
1.410751708957699080e+00
1.600937008709202303e+00
1.761756046009378851e+00
1.898542243495423110e+00
1.999161667222163929e+00
1.972016224127681072e+00
2.004553992689663389e+00
2.001486473932268861e+00
1.948791730179036064e+00
1.899366529946443283e+00
1.861030185658381297e+00
1.819371531807732811e+00
1.735057122403324215e+00
1.702750623534875274e+00
1.676396044661393914e+00
1.729744954542925539e+00
1.830762747914492339e+00
2.036416938671197219e+00
2.231745963298394919e+00
2.438946543579366022e+00
2.586365858871126466e+00
2.604719230018305076e+00
2.570508231409907474e+00
2.439432692788207735e+00
2.249244173946558956e+00
2.055352724911689855e+00
1.852750415898190894e+00
1.610010957689492317e+00
1.410817074384204339e+00
1.299074299509188624e+00
1.170642799620944974e+00
1.105687576194173793e+00
1.050065962432345845e+00
1.023836174265829069e+00
1.026475206311879385e+00
1.032579671947893463e+00
1.026336364212823371e+00
1.044677294546257240e+00
1.061570070131925725e+00
1.073491390474153873e+00
1.088128645171926978e+00
1.083617279215236096e+00
1.128304990756714643e+00
1.137477281428261211e+00
1.185714390186695333e+00
1.241421425709225534e+00
1.318745952213623784e+00
1.428417669073268836e+00
1.486942429879130056e+00
1.541283099642318799e+00
1.604781817017138179e+00
1.660147400970262366e+00
1.697059520619278672e+00
1.707940322238416186e+00
1.723788330767839883e+00
1.722996623062700294e+00
1.731238651629581238e+00
1.724672254676234529e+00
1.735907322047123724e+00
1.733754911438351698e+00
1.716210305880170095e+00
1.710062093457686672e+00
1.682434122186237557e+00
1.658495443943682091e+00
1.642889597844735095e+00
1.609454714173836454e+00
1.585755355839089109e+00
1.564268774276195817e+00
1.528388938332245983e+00
1.496757579467402843e+00
1.482102967439019148e+00
1.428202333819551750e+00
1.399875592841403504e+00
1.348461780090592033e+00
1.316769168869593942e+00
1.268695462878421942e+00
1.248763051909420607e+00
1.224767429038043032e+00
1.199441878845781018e+00
1.183085122648286580e+00
1.170858373553213871e+00
1.154910772600749702e+00
1.149767845646584741e+00
1.148971420828150958e+00
1.172116462325064834e+00
1.189675454491784024e+00
1.211379528545545536e+00
1.220257603932069834e+00
1.238667591236692456e+00
1.253133369076416592e+00
1.279085160542196231e+00
1.303109567289579163e+00
1.317774349968740877e+00
1.334000541866023237e+00
1.351291248516302002e+00
1.359621279363377067e+00
1.381298326106528140e+00
1.395457318015384640e+00
1.397813826928623548e+00
1.392854781640448625e+00
1.416891232289243074e+00
1.429385212659352700e+00
1.425820322860534173e+00
1.426079275558423731e+00
1.414649861708376699e+00
1.395964462676801965e+00
1.394076695271312616e+00
1.382663900342291585e+00
1.375298492635736780e+00
1.367432045932956530e+00
1.351687137454192333e+00
1.332327494713429372e+00
1.306703758966418771e+00
1.286252550133696548e+00
1.251347625833794552e+00
1.228922931345302505e+00
1.224408528105123128e+00
1.205709415536613260e+00
1.187674072142951287e+00
1.188589172061008448e+00
1.167268362229741063e+00
1.160016368085603933e+00
1.145587941260322040e+00
1.137429457621771167e+00
1.127361167433608369e+00
1.124385992407177515e+00
1.109555440732943321e+00
1.115087819449356532e+00
1.124840811973537802e+00
1.127818175927750577e+00
1.130544406650408229e+00
1.132074915780353574e+00
1.142696831508800637e+00
1.139626232806134842e+00
1.154786532820962996e+00
1.160049776676844724e+00
1.172885778121202760e+00
1.180181104235265677e+00
5.927765270818816656e-01
0.000000000000000000e+00
