0.000000000000000000e+00
4.975124378109452988e-02
9.950248756218905977e-02
1.492537313432835966e-01
1.990049751243781195e-01
2.487562189054726425e-01
2.985074626865671932e-01
3.482587064676617161e-01
3.980099502487562391e-01
4.477611940298507620e-01
4.975124378109452850e-01
5.472636815920398634e-01
5.970149253731343864e-01
6.467661691542289093e-01
6.965174129353234322e-01
7.462686567164179552e-01
7.960199004975124781e-01
8.457711442786070011e-01
8.955223880597015240e-01
9.452736318407960470e-01
9.950248756218905699e-01
1.044776119402985204e+00
1.094527363184079727e+00
1.144278606965174250e+00
1.194029850746268773e+00
1.243781094527363296e+00
1.293532338308457819e+00
1.343283582089552342e+00
1.393034825870646864e+00
1.442786069651741387e+00
1.492537313432835910e+00
1.542288557213930433e+00
1.592039800995024956e+00
1.641791044776119479e+00
1.691542288557214002e+00
1.741293532338308525e+00
1.791044776119403048e+00
1.840796019900497571e+00
1.890547263681592094e+00
1.940298507462686617e+00
1.990049751243781140e+00
2.039800995024875885e+00
2.089552238805970408e+00
2.139303482587064931e+00
2.189054726368159454e+00
2.238805970149253977e+00
2.288557213930348500e+00
2.338308457711443022e+00
2.388059701492537545e+00
2.437810945273632068e+00
2.487562189054726591e+00
2.537313432835821114e+00
2.587064676616915637e+00
2.636815920398010160e+00
2.686567164179104683e+00
2.736318407960199206e+00
2.786069651741293729e+00
2.835820895522388252e+00
2.885572139303482775e+00
2.935323383084577298e+00
2.985074626865671821e+00
3.034825870646766344e+00
3.084577114427860867e+00
3.134328358208955390e+00
3.184079601990049913e+00
3.233830845771144435e+00
3.283582089552238958e+00
3.333333333333333481e+00
3.383084577114428004e+00
3.432835820895522527e+00
3.482587064676617050e+00
3.532338308457711573e+00
3.582089552238806096e+00
3.631840796019900619e+00
3.681592039800995142e+00
3.731343283582089665e+00
3.781094527363184188e+00
3.830845771144278711e+00
3.880597014925373234e+00
3.930348258706467757e+00
3.980099502487562280e+00
4.029850746268657247e+00
4.079601990049751770e+00
4.129353233830846293e+00
4.179104477611940816e+00
4.228855721393035338e+00
4.278606965174129861e+00
4.328358208955224384e+00
4.378109452736318907e+00
4.427860696517413430e+00
4.477611940298507953e+00
4.527363184079602476e+00
4.577114427860696999e+00
4.626865671641791522e+00
4.676616915422886045e+00
4.726368159203980568e+00
4.776119402985075091e+00
4.825870646766169614e+00
4.875621890547264137e+00
4.925373134328358660e+00
4.975124378109453183e+00
5.024875621890547706e+00
5.074626865671642229e+00
5.124378109452736751e+00
5.174129353233831274e+00
5.223880597014925797e+00
5.273631840796020320e+00
5.323383084577114843e+00
5.373134328358209366e+00
5.422885572139303889e+00
5.472636815920398412e+00
5.522388059701492935e+00
5.572139303482587458e+00
5.621890547263681981e+00
5.671641791044776504e+00
5.721393034825871027e+00
5.771144278606965550e+00
5.820895522388060073e+00
5.870646766169154596e+00
5.920398009950249119e+00
5.970149253731343642e+00
6.019900497512438164e+00
6.069651741293532687e+00
6.119402985074627210e+00
6.169154228855721733e+00
6.218905472636816256e+00
6.268656716417910779e+00
6.318407960199005302e+00
6.368159203980099825e+00
6.417910447761194348e+00
6.467661691542288871e+00
6.517412935323383394e+00
6.567164179104477917e+00
6.616915422885572440e+00
6.666666666666666963e+00
6.716417910447761486e+00
6.766169154228856009e+00
6.815920398009950532e+00
6.865671641791045055e+00
6.915422885572139577e+00
6.965174129353234100e+00
7.014925373134328623e+00
7.064676616915423146e+00
7.114427860696517669e+00
7.164179104477612192e+00
7.213930348258706715e+00
7.263681592039801238e+00
7.313432835820895761e+00
7.363184079601990284e+00
7.412935323383084807e+00
7.462686567164179330e+00
7.512437810945273853e+00
7.562189054726368376e+00
7.611940298507462899e+00
7.661691542288557422e+00
7.711442786069651945e+00
7.761194029850746468e+00
7.810945273631840990e+00
7.860696517412935513e+00
7.910447761194030036e+00
7.960199004975124559e+00
8.009950248756219082e+00
8.059701492537314493e+00
8.109452736318408128e+00
8.159203980099503539e+00
8.208955223880597174e+00
8.258706467661692585e+00
8.308457711442786220e+00
8.358208955223881631e+00
8.407960199004975266e+00
8.457711442786070677e+00
8.507462686567164312e+00
8.557213930348259723e+00
8.606965174129353358e+00
8.656716417910448769e+00
8.706467661691542403e+00
8.756218905472637815e+00
8.805970149253731449e+00
8.855721393034826860e+00
8.905472636815920495e+00
8.955223880597015906e+00
9.004975124378109541e+00
9.054726368159204952e+00
9.104477611940298587e+00
9.154228855721393998e+00
9.203980099502487633e+00
9.253731343283583044e+00
9.303482587064676679e+00
9.353233830845772090e+00
9.402985074626865725e+00
9.452736318407961136e+00
9.502487562189054771e+00
9.552238805970150182e+00
9.601990049751243816e+00
9.651741293532339228e+00
9.701492537313432862e+00
9.751243781094528273e+00
9.800995024875621908e+00
9.850746268656717319e+00
9.900497512437810954e+00
9.950248756218906365e+00
1.000000000000000000e+01
0.000000000000000000e+00
0.000000000000000000e+00
0.000000000000000000e+00
0.000000000000000000e+00
0.000000000000000000e+00
0.000000000000000000e+00
0.000000000000000000e+00
0.000000000000000000e+00
0.000000000000000000e+00
0.000000000000000000e+00
0.000000000000000000e+00
0.000000000000000000e+00
0.000000000000000000e+00
0.000000000000000000e+00
0.000000000000000000e+00
0.000000000000000000e+00
0.000000000000000000e+00
0.000000000000000000e+00
0.000000000000000000e+00
0.000000000000000000e+00
0.000000000000000000e+00
0.000000000000000000e+00
0.000000000000000000e+00
0.000000000000000000e+00
0.000000000000000000e+00
0.000000000000000000e+00
0.000000000000000000e+00
0.000000000000000000e+00
0.000000000000000000e+00
0.000000000000000000e+00
0.000000000000000000e+00
0.000000000000000000e+00
0.000000000000000000e+00
0.000000000000000000e+00
0.000000000000000000e+00
0.000000000000000000e+00
0.000000000000000000e+00
0.000000000000000000e+00
0.000000000000000000e+00
0.000000000000000000e+00
0.000000000000000000e+00
0.000000000000000000e+00
0.000000000000000000e+00
0.000000000000000000e+00
6.534155109034453165e-03
2.558981132384329643e-02
1.652978895555376193e-01
6.512459672148985801e-01
1.532071803691149592e+00
2.582291564935307093e+00
3.381444834867564087e+00
3.652616080722817848e+00
3.459773800396581667e+00
3.006269824951492531e+00
2.478585937151108531e+00
1.973162820604009937e+00
1.540404789843910383e+00
1.226709478413754217e+00
9.732303702042492954e-01
7.911432490610621482e-01
6.491921109245758492e-01
5.402867723418959267e-01
4.538006625175575737e-01
4.034628795285677971e-01
3.581763892148869255e-01
3.319482163892568671e-01
3.215577569212971776e-01
3.143268620041742567e-01
3.452379808427280539e-01
4.158523001535499586e-01
5.009650614389877799e-01
5.595066650906093120e-01
6.037781159638324624e-01
5.994099222134142702e-01
5.699160453924101422e-01
5.134477048146441902e-01
4.540536080824678633e-01
4.139119218455801219e-01
3.976772868548031914e-01
3.994308598918044906e-01
4.221526493461539853e-01
4.541970176021253858e-01
5.005108129361091063e-01
5.436957823855839145e-01
6.263363338100434996e-01
6.987468575861499609e-01
8.018982540367384226e-01
8.969410093067805567e-01
9.829014070169665995e-01
1.049052319914030695e+00
1.111729940918213977e+00
1.166272486486344961e+00
1.172093819747157095e+00
1.168091647339656092e+00
1.155195043678971967e+00
1.126847248115427691e+00
1.103960214825529418e+00
1.107250518399780059e+00
1.100624011440484828e+00
1.055245568045933835e+00
1.009833204364082304e+00
9.684554428024034767e-01
9.233152814716391044e-01
8.721156104730340974e-01
8.096033591800579909e-01
7.620925079737969066e-01
7.156479636860986204e-01
6.653790881663809165e-01
6.321177307248214694e-01
6.065157610496745288e-01
5.835800530572102796e-01
5.664181412916950986e-01
5.446641948334633998e-01
5.494044630016636788e-01
5.525783047340226961e-01
5.619682773284003785e-01
5.686417632069770134e-01
5.707622589086907006e-01
5.770834905462791653e-01
5.729232803316178790e-01
5.803543169314508976e-01
5.913670062204844369e-01
5.932575843273093508e-01
6.059691479675081149e-01
6.049761101472983515e-01
6.135194676896291721e-01
6.324539433704178260e-01
6.487672666185279047e-01
6.839170241542340545e-01
7.140762335830690422e-01
7.365956308414586262e-01
7.649570409093400247e-01
7.854173384919729273e-01
8.092113640983384926e-01
8.228344249100004726e-01
8.339291955304375392e-01
8.406846568944009723e-01
8.524138247194557039e-01
8.463143521850536866e-01
8.475535166416232613e-01
8.338539391172353765e-01
8.257726032134196092e-01
8.138456198615523496e-01
8.017396538457551847e-01
7.716578698259339841e-01
7.497925479605109800e-01
7.292895221521626947e-01
7.210939095696321521e-01
7.023973363821519600e-01
6.750297420631570233e-01
6.665716447795669852e-01
6.471445531163793063e-01
6.308907634038757317e-01
6.134860877763711473e-01
6.084574326737482997e-01
5.993203389518227953e-01
5.874609946980311470e-01
5.769089045846844677e-01
5.673640681922215157e-01
5.602246024381327683e-01
5.603234143310500404e-01
5.574179596591580799e-01
5.597437104332130264e-01
5.656668093943651998e-01
5.669829283808973663e-01
5.791632508404197521e-01
5.765781103854789036e-01
5.866603204866269738e-01
5.917245456526512015e-01
6.035692077660549382e-01
6.189347200926124115e-01
6.318319839457309239e-01
6.428193851220254107e-01
6.487713629985570885e-01
6.571047954034693328e-01
6.638044293925964290e-01
6.711412097273676824e-01
6.746962666698027578e-01
6.812321781638861484e-01
6.749593742389061735e-01
6.783956788746360322e-01
6.742844494229506269e-01
6.762218370197004003e-01
6.760255748085051142e-01
6.747323429140416051e-01
6.701944895110470979e-01
6.584819220945006268e-01
6.526142104165550961e-01
6.396032324754649112e-01
6.407432633526903842e-01
6.215132084494293663e-01
6.215692049090320026e-01
6.150299960923327758e-01
5.985779205136813053e-01
5.851657105762464450e-01
5.791727716633870982e-01
5.753455599139614129e-01
5.656504467501912714e-01
5.603396277570100725e-01
5.511255273731222593e-01
2.735286601254677818e-01
0.000000000000000000e+00
