0.000000000000000000e+00
4.975124378109452988e-02
9.950248756218905977e-02
1.492537313432835966e-01
1.990049751243781195e-01
2.487562189054726425e-01
2.985074626865671932e-01
3.482587064676617161e-01
3.980099502487562391e-01
4.477611940298507620e-01
4.975124378109452850e-01
5.472636815920398634e-01
5.970149253731343864e-01
6.467661691542289093e-01
6.965174129353234322e-01
7.462686567164179552e-01
7.960199004975124781e-01
8.457711442786070011e-01
8.955223880597015240e-01
9.452736318407960470e-01
9.950248756218905699e-01
1.044776119402985204e+00
1.094527363184079727e+00
1.144278606965174250e+00
1.194029850746268773e+00
1.243781094527363296e+00
1.293532338308457819e+00
1.343283582089552342e+00
1.393034825870646864e+00
1.442786069651741387e+00
1.492537313432835910e+00
1.542288557213930433e+00
1.592039800995024956e+00
1.641791044776119479e+00
1.691542288557214002e+00
1.741293532338308525e+00
1.791044776119403048e+00
1.840796019900497571e+00
1.890547263681592094e+00
1.940298507462686617e+00
1.990049751243781140e+00
2.039800995024875885e+00
2.089552238805970408e+00
2.139303482587064931e+00
2.189054726368159454e+00
2.238805970149253977e+00
2.288557213930348500e+00
2.338308457711443022e+00
2.388059701492537545e+00
2.437810945273632068e+00
2.487562189054726591e+00
2.537313432835821114e+00
2.587064676616915637e+00
2.636815920398010160e+00
2.686567164179104683e+00
2.736318407960199206e+00
2.786069651741293729e+00
2.835820895522388252e+00
2.885572139303482775e+00
2.935323383084577298e+00
2.985074626865671821e+00
3.034825870646766344e+00
3.084577114427860867e+00
3.134328358208955390e+00
3.184079601990049913e+00
3.233830845771144435e+00
3.283582089552238958e+00
3.333333333333333481e+00
3.383084577114428004e+00
3.432835820895522527e+00
3.482587064676617050e+00
3.532338308457711573e+00
3.582089552238806096e+00
3.631840796019900619e+00
3.681592039800995142e+00
3.731343283582089665e+00
3.781094527363184188e+00
3.830845771144278711e+00
3.880597014925373234e+00
3.930348258706467757e+00
3.980099502487562280e+00
4.029850746268657247e+00
4.079601990049751770e+00
4.129353233830846293e+00
4.179104477611940816e+00
4.228855721393035338e+00
4.278606965174129861e+00
4.328358208955224384e+00
4.378109452736318907e+00
4.427860696517413430e+00
4.477611940298507953e+00
4.527363184079602476e+00
4.577114427860696999e+00
4.626865671641791522e+00
4.676616915422886045e+00
4.726368159203980568e+00
4.776119402985075091e+00
4.825870646766169614e+00
4.875621890547264137e+00
4.925373134328358660e+00
4.975124378109453183e+00
5.024875621890547706e+00
5.074626865671642229e+00
5.124378109452736751e+00
5.174129353233831274e+00
5.223880597014925797e+00
5.273631840796020320e+00
5.323383084577114843e+00
5.373134328358209366e+00
5.422885572139303889e+00
5.472636815920398412e+00
5.522388059701492935e+00
5.572139303482587458e+00
5.621890547263681981e+00
5.671641791044776504e+00
5.721393034825871027e+00
5.771144278606965550e+00
5.820895522388060073e+00
5.870646766169154596e+00
5.920398009950249119e+00
5.970149253731343642e+00
6.019900497512438164e+00
6.069651741293532687e+00
6.119402985074627210e+00
6.169154228855721733e+00
6.218905472636816256e+00
6.268656716417910779e+00
6.318407960199005302e+00
6.368159203980099825e+00
6.417910447761194348e+00
6.467661691542288871e+00
6.517412935323383394e+00
6.567164179104477917e+00
6.616915422885572440e+00
6.666666666666666963e+00
6.716417910447761486e+00
6.766169154228856009e+00
6.815920398009950532e+00
6.865671641791045055e+00
6.915422885572139577e+00
6.965174129353234100e+00
7.014925373134328623e+00
7.064676616915423146e+00
7.114427860696517669e+00
7.164179104477612192e+00
7.213930348258706715e+00
7.263681592039801238e+00
7.313432835820895761e+00
7.363184079601990284e+00
7.412935323383084807e+00
7.462686567164179330e+00
7.512437810945273853e+00
7.562189054726368376e+00
7.611940298507462899e+00
7.661691542288557422e+00
7.711442786069651945e+00
7.761194029850746468e+00
7.810945273631840990e+00
7.860696517412935513e+00
7.910447761194030036e+00
7.960199004975124559e+00
8.009950248756219082e+00
8.059701492537314493e+00
8.109452736318408128e+00
8.159203980099503539e+00
8.208955223880597174e+00
8.258706467661692585e+00
8.308457711442786220e+00
8.358208955223881631e+00
8.407960199004975266e+00
8.457711442786070677e+00
8.507462686567164312e+00
8.557213930348259723e+00
8.606965174129353358e+00
8.656716417910448769e+00
8.706467661691542403e+00
8.756218905472637815e+00
8.805970149253731449e+00
8.855721393034826860e+00
8.905472636815920495e+00
8.955223880597015906e+00
9.004975124378109541e+00
9.054726368159204952e+00
9.104477611940298587e+00
9.154228855721393998e+00
9.203980099502487633e+00
9.253731343283583044e+00
9.303482587064676679e+00
9.353233830845772090e+00
9.402985074626865725e+00
9.452736318407961136e+00
9.502487562189054771e+00
9.552238805970150182e+00
9.601990049751243816e+00
9.651741293532339228e+00
9.701492537313432862e+00
9.751243781094528273e+00
9.800995024875621908e+00
9.850746268656717319e+00
9.900497512437810954e+00
9.950248756218906365e+00
1.000000000000000000e+01
0.000000000000000000e+00
0.000000000000000000e+00
0.000000000000000000e+00
0.000000000000000000e+00
0.000000000000000000e+00
0.000000000000000000e+00
0.000000000000000000e+00
0.000000000000000000e+00
0.000000000000000000e+00
0.000000000000000000e+00
0.000000000000000000e+00
0.000000000000000000e+00
0.000000000000000000e+00
0.000000000000000000e+00
0.000000000000000000e+00
0.000000000000000000e+00
0.000000000000000000e+00
0.000000000000000000e+00
0.000000000000000000e+00
0.000000000000000000e+00
0.000000000000000000e+00
0.000000000000000000e+00
0.000000000000000000e+00
0.000000000000000000e+00
0.000000000000000000e+00
0.000000000000000000e+00
0.000000000000000000e+00
0.000000000000000000e+00
0.000000000000000000e+00
0.000000000000000000e+00
0.000000000000000000e+00
0.000000000000000000e+00
0.000000000000000000e+00
0.000000000000000000e+00
0.000000000000000000e+00
0.000000000000000000e+00
0.000000000000000000e+00
0.000000000000000000e+00
0.000000000000000000e+00
0.000000000000000000e+00
0.000000000000000000e+00
5.834067061637904922e-03
1.257390955954948777e-02
5.133788934179748381e-02
1.658921456720631737e-01
4.156660799905863013e-01
8.411646750455453736e-01
1.370832560619014817e+00
1.927330305050168446e+00
2.427257174545194740e+00
2.701293550896876283e+00
2.784419868929729258e+00
2.699615295958433414e+00
2.437463245588109118e+00
2.161211057091136478e+00
1.894327184593694202e+00
1.574175497742830387e+00
1.321593084478906110e+00
1.061138350015547571e+00
9.084046311920639383e-01
7.701078513902505085e-01
6.476954119892814887e-01
5.519027440309456356e-01
4.860862327409279926e-01
4.362534458092807155e-01
4.079225679599933763e-01
4.085338925545009547e-01
4.218759549840339074e-01
4.433322575841273649e-01
4.652165854340150064e-01
4.860541250638112376e-01
5.030887122486309426e-01
5.181448380021771438e-01
5.158802564741019614e-01
5.107648523269017193e-01
4.985222580200321940e-01
4.872198898955580337e-01
4.750999199115910621e-01
4.710252578047704475e-01
4.828126085147035340e-01
5.058230329657582569e-01
5.338788459555134924e-01
5.737853063683303612e-01
6.194264605895375420e-01
6.672604585886261486e-01
7.391582874830813221e-01
8.236894790407888189e-01
8.722381001880125106e-01
9.372530460871008051e-01
9.990471848055640924e-01
1.039458675943458754e+00
1.061387930862961237e+00
1.092229817340377052e+00
1.098223051583620435e+00
1.103367971569681805e+00
1.096465046653479103e+00
1.065341673803441580e+00
1.055246725334338720e+00
1.033163948522036302e+00
1.006262965383616592e+00
9.680318298914947217e-01
9.464388663025470327e-01
9.022613962666088394e-01
8.607855840368875411e-01
8.181982862850185612e-01
7.728404948358476023e-01
7.219332197149939123e-01
6.963788024089623274e-01
6.677984109051905426e-01
6.341020562830876894e-01
6.070863245165598610e-01
5.990769962671501636e-01
5.905294786682334651e-01
5.812289693901749876e-01
5.772792068224062989e-01
5.802884378744621596e-01
5.767871511472902890e-01
5.819938081337081570e-01
5.873220686043583161e-01
5.895724174991630040e-01
5.986515853505542939e-01
6.018262656392294740e-01
6.152972389782463969e-01
6.140085780705371032e-01
6.350254228729113049e-01
6.426898029978186377e-01
6.593776855379938073e-01
6.695535628477428114e-01
6.945349922267426424e-01
7.065720672365236599e-01
7.251784400804732744e-01
7.433669130141037362e-01
7.640700980098833472e-01
7.792339596864381601e-01
7.967983299370783312e-01
8.110673091824622816e-01
8.123473983491831252e-01
8.227648108683656147e-01
8.172010352180988368e-01
8.251796450730471966e-01
8.113483402791047405e-01
8.029291900225388190e-01
7.929407085052180282e-01
7.794920140983855328e-01
7.598143625688729141e-01
7.420046659288693780e-01
7.330482366295508756e-01
7.029762990490726615e-01
6.936362237201916248e-01
6.823128118731500713e-01
6.646967948505039248e-01
6.469749457664405456e-01
6.285928521880622677e-01
6.235651525846065413e-01
6.104146979622322444e-01
6.017795694961024511e-01
5.968550521314525126e-01
5.905653264133067237e-01
5.886979942612415861e-01
5.879303870690055778e-01
5.780521235725954998e-01
5.796115153402180420e-01
5.786892122139908334e-01
5.852296518940250936e-01
5.867542515625350230e-01
5.848643890908802323e-01
5.927236770025336998e-01
6.017685907883156826e-01
6.050206052986476513e-01
6.115075018496112236e-01
6.198849781070843168e-01
6.281472707310524761e-01
6.346302998914221671e-01
6.388876540334372800e-01
6.465892575198664005e-01
6.495784058451494758e-01
6.585536875890793951e-01
6.636776967901797386e-01
6.663004831763859048e-01
6.647670346950300679e-01
6.693921586125951562e-01
6.665948728668568135e-01
6.641164343057091024e-01
6.620837573726119363e-01
6.567773680354979104e-01
6.560669222982953297e-01
6.457478894416012194e-01
6.427467327412579312e-01
6.355143991502143486e-01
6.294443300767691429e-01
6.218061585688928750e-01
6.124951313807974751e-01
6.047681791490268077e-01
5.952650554750217315e-01
5.881167872293822096e-01
5.807306599007255876e-01
5.752170505593323657e-01
5.670679803998786017e-01
5.620218160760107606e-01
5.574220182971695303e-01
2.732817692295098078e-01
0.000000000000000000e+00
