0.000000000000000000e+00
4.975124378109452988e-02
9.950248756218905977e-02
1.492537313432835966e-01
1.990049751243781195e-01
2.487562189054726425e-01
2.985074626865671932e-01
3.482587064676617161e-01
3.980099502487562391e-01
4.477611940298507620e-01
4.975124378109452850e-01
5.472636815920398634e-01
5.970149253731343864e-01
6.467661691542289093e-01
6.965174129353234322e-01
7.462686567164179552e-01
7.960199004975124781e-01
8.457711442786070011e-01
8.955223880597015240e-01
9.452736318407960470e-01
9.950248756218905699e-01
1.044776119402985204e+00
1.094527363184079727e+00
1.144278606965174250e+00
1.194029850746268773e+00
1.243781094527363296e+00
1.293532338308457819e+00
1.343283582089552342e+00
1.393034825870646864e+00
1.442786069651741387e+00
1.492537313432835910e+00
1.542288557213930433e+00
1.592039800995024956e+00
1.641791044776119479e+00
1.691542288557214002e+00
1.741293532338308525e+00
1.791044776119403048e+00
1.840796019900497571e+00
1.890547263681592094e+00
1.940298507462686617e+00
1.990049751243781140e+00
2.039800995024875885e+00
2.089552238805970408e+00
2.139303482587064931e+00
2.189054726368159454e+00
2.238805970149253977e+00
2.288557213930348500e+00
2.338308457711443022e+00
2.388059701492537545e+00
2.437810945273632068e+00
2.487562189054726591e+00
2.537313432835821114e+00
2.587064676616915637e+00
2.636815920398010160e+00
2.686567164179104683e+00
2.736318407960199206e+00
2.786069651741293729e+00
2.835820895522388252e+00
2.885572139303482775e+00
2.935323383084577298e+00
2.985074626865671821e+00
3.034825870646766344e+00
3.084577114427860867e+00
3.134328358208955390e+00
3.184079601990049913e+00
3.233830845771144435e+00
3.283582089552238958e+00
3.333333333333333481e+00
3.383084577114428004e+00
3.432835820895522527e+00
3.482587064676617050e+00
3.532338308457711573e+00
3.582089552238806096e+00
3.631840796019900619e+00
3.681592039800995142e+00
3.731343283582089665e+00
3.781094527363184188e+00
3.830845771144278711e+00
3.880597014925373234e+00
3.930348258706467757e+00
3.980099502487562280e+00
4.029850746268657247e+00
4.079601990049751770e+00
4.129353233830846293e+00
4.179104477611940816e+00
4.228855721393035338e+00
4.278606965174129861e+00
4.328358208955224384e+00
4.378109452736318907e+00
4.427860696517413430e+00
4.477611940298507953e+00
4.527363184079602476e+00
4.577114427860696999e+00
4.626865671641791522e+00
4.676616915422886045e+00
4.726368159203980568e+00
4.776119402985075091e+00
4.825870646766169614e+00
4.875621890547264137e+00
4.925373134328358660e+00
4.975124378109453183e+00
5.024875621890547706e+00
5.074626865671642229e+00
5.124378109452736751e+00
5.174129353233831274e+00
5.223880597014925797e+00
5.273631840796020320e+00
5.323383084577114843e+00
5.373134328358209366e+00
5.422885572139303889e+00
5.472636815920398412e+00
5.522388059701492935e+00
5.572139303482587458e+00
5.621890547263681981e+00
5.671641791044776504e+00
5.721393034825871027e+00
5.771144278606965550e+00
5.820895522388060073e+00
5.870646766169154596e+00
5.920398009950249119e+00
5.970149253731343642e+00
6.019900497512438164e+00
6.069651741293532687e+00
6.119402985074627210e+00
6.169154228855721733e+00
6.218905472636816256e+00
6.268656716417910779e+00
6.318407960199005302e+00
6.368159203980099825e+00
6.417910447761194348e+00
6.467661691542288871e+00
6.517412935323383394e+00
6.567164179104477917e+00
6.616915422885572440e+00
6.666666666666666963e+00
6.716417910447761486e+00
6.766169154228856009e+00
6.815920398009950532e+00
6.865671641791045055e+00
6.915422885572139577e+00
6.965174129353234100e+00
7.014925373134328623e+00
7.064676616915423146e+00
7.114427860696517669e+00
7.164179104477612192e+00
7.213930348258706715e+00
7.263681592039801238e+00
7.313432835820895761e+00
7.363184079601990284e+00
7.412935323383084807e+00
7.462686567164179330e+00
7.512437810945273853e+00
7.562189054726368376e+00
7.611940298507462899e+00
7.661691542288557422e+00
7.711442786069651945e+00
7.761194029850746468e+00
7.810945273631840990e+00
7.860696517412935513e+00
7.910447761194030036e+00
7.960199004975124559e+00
8.009950248756219082e+00
8.059701492537314493e+00
8.109452736318408128e+00
8.159203980099503539e+00
8.208955223880597174e+00
8.258706467661692585e+00
8.308457711442786220e+00
8.358208955223881631e+00
8.407960199004975266e+00
8.457711442786070677e+00
8.507462686567164312e+00
8.557213930348259723e+00
8.606965174129353358e+00
8.656716417910448769e+00
8.706467661691542403e+00
8.756218905472637815e+00
8.805970149253731449e+00
8.855721393034826860e+00
8.905472636815920495e+00
8.955223880597015906e+00
9.004975124378109541e+00
9.054726368159204952e+00
9.104477611940298587e+00
9.154228855721393998e+00
9.203980099502487633e+00
9.253731343283583044e+00
9.303482587064676679e+00
9.353233830845772090e+00
9.402985074626865725e+00
9.452736318407961136e+00
9.502487562189054771e+00
9.552238805970150182e+00
9.601990049751243816e+00
9.651741293532339228e+00
9.701492537313432862e+00
9.751243781094528273e+00
9.800995024875621908e+00
9.850746268656717319e+00
9.900497512437810954e+00
9.950248756218906365e+00
1.000000000000000000e+01
0.000000000000000000e+00
0.000000000000000000e+00
0.000000000000000000e+00
0.000000000000000000e+00
0.000000000000000000e+00
0.000000000000000000e+00
0.000000000000000000e+00
0.000000000000000000e+00
0.000000000000000000e+00
0.000000000000000000e+00
0.000000000000000000e+00
0.000000000000000000e+00
0.000000000000000000e+00
0.000000000000000000e+00
0.000000000000000000e+00
0.000000000000000000e+00
0.000000000000000000e+00
0.000000000000000000e+00
0.000000000000000000e+00
0.000000000000000000e+00
0.000000000000000000e+00
0.000000000000000000e+00
0.000000000000000000e+00
0.000000000000000000e+00
0.000000000000000000e+00
0.000000000000000000e+00
0.000000000000000000e+00
0.000000000000000000e+00
0.000000000000000000e+00
0.000000000000000000e+00
0.000000000000000000e+00
0.000000000000000000e+00
0.000000000000000000e+00
0.000000000000000000e+00
0.000000000000000000e+00
0.000000000000000000e+00
0.000000000000000000e+00
0.000000000000000000e+00
0.000000000000000000e+00
0.000000000000000000e+00
0.000000000000000000e+00
0.000000000000000000e+00
0.000000000000000000e+00
3.680135436687991066e-03
4.691188283409352192e-03
2.963030784866065720e-02
1.659429544903884834e-01
6.478443975855711079e-01
1.499727076477836984e+00
2.586423915414454822e+00
3.390621261775746742e+00
3.662496917731083990e+00
3.501117089093082058e+00
3.023983947375824322e+00
2.485887325857498276e+00
1.964643119306064944e+00
1.533826080512951773e+00
1.213260574429072758e+00
9.495903896030734037e-01
7.952993486808952461e-01
6.533087988422512371e-01
5.296293145684281001e-01
4.556855149528559190e-01
3.865033491323463521e-01
3.411444611025028495e-01
3.303126006396177594e-01
3.123522535148632318e-01
3.256518739440305010e-01
3.501763654841715812e-01
4.151252856427919968e-01
5.018837447227665338e-01
5.549712389181726824e-01
6.094602616521543892e-01
6.020120924856672273e-01
5.872054198109153411e-01
5.191835170125734811e-01
4.609632501268614568e-01
4.140875811701715259e-01
3.979056073869432497e-01
3.982619568737265636e-01
4.125422289044474167e-01
4.495347829644270599e-01
5.048028263128730986e-01
5.535407705520979382e-01
6.051839849787037373e-01
6.949417289069397263e-01
7.994979247166377201e-01
8.869126402418059385e-01
9.784490053105068252e-01
1.060794950585939755e+00
1.136551678948234390e+00
1.175826577227319758e+00
1.174112043634692792e+00
1.171276655455482096e+00
1.149511038817023989e+00
1.130442088746421714e+00
1.111305309882671954e+00
1.112888590115862053e+00
1.079361006695176206e+00
1.051932562920409930e+00
1.019297007607249395e+00
9.665722208622916645e-01
9.144840664653821616e-01
8.768254761136416997e-01
8.088925005473166507e-01
7.588586004223834003e-01
7.041664811382650768e-01
6.709987407975482876e-01
6.318178930762470280e-01
6.060447037137783877e-01
5.756868032313768868e-01
5.601419613355426153e-01
5.526431918996095316e-01
5.366308023840529184e-01
5.489149212181884119e-01
5.606975147471706666e-01
5.693704241089858620e-01
5.770048511886549658e-01
5.781903638498553377e-01
5.806417510541648230e-01
5.843203471871875054e-01
5.943827194625025401e-01
5.917270527543274650e-01
6.000148726462444237e-01
6.132294115180659810e-01
6.206774191998692958e-01
6.360761695521097714e-01
6.575949196196380075e-01
6.810484601991612097e-01
7.054337948131711444e-01
7.331289565558500865e-01
7.568607429486263749e-01
7.827992806969995554e-01
7.979028793102622696e-01
8.181627832444384740e-01
8.334284296963619942e-01
8.545780750157001560e-01
8.666677985708949317e-01
8.657662517418224235e-01
8.525517414030840957e-01
8.321337659576331092e-01
8.191474833784775367e-01
8.045603550674471638e-01
7.951770296113960246e-01
7.759954061031981709e-01
7.557922253196509565e-01
7.326031257045970690e-01
7.140843133987514468e-01
6.992683675743091021e-01
6.779429699871544202e-01
6.558381289356807198e-01
6.472679039163347081e-01
6.311951225053081815e-01
6.106621471147495317e-01
6.028377088530255667e-01
5.876097173123948636e-01
5.903370215122631937e-01
5.786498486422517740e-01
5.701541060797155058e-01
5.676415703980802752e-01
5.597736869127076798e-01
5.567392576505629798e-01
5.566866867913040640e-01
5.689383206316136476e-01
5.708168116980514295e-01
5.738887283774088965e-01
5.789667345606285265e-01
5.818766659800771457e-01
5.940569688738531751e-01
6.108418684947790611e-01
6.197631501565109557e-01
6.343607087009025536e-01
6.453903769967497261e-01
6.504304141462736721e-01
6.537896092344132049e-01
6.675075656757637477e-01
6.720167645644483656e-01
6.695580152055294887e-01
6.724599463357865403e-01
6.815123778722934622e-01
6.770690732321615890e-01
6.790810244495488757e-01
6.768281708990481205e-01
6.728584147721247133e-01
6.780006687759910777e-01
6.767125289029362056e-01
6.582781775720544237e-01
6.516768504330998635e-01
6.388054113388307309e-01
6.355822658825533988e-01
6.300282919218304079e-01
6.233376345742790425e-01
6.112427831290996316e-01
5.965523401757579780e-01
5.804627249258521582e-01
5.761311803428692535e-01
5.739319570130415604e-01
5.637785753922710530e-01
5.577038995352600059e-01
5.545988391982685783e-01
2.746132165612832909e-01
0.000000000000000000e+00
