0.000000000000000000e+00
4.975124378109452988e-02
9.950248756218905977e-02
1.492537313432835966e-01
1.990049751243781195e-01
2.487562189054726425e-01
2.985074626865671932e-01
3.482587064676617161e-01
3.980099502487562391e-01
4.477611940298507620e-01
4.975124378109452850e-01
5.472636815920398634e-01
5.970149253731343864e-01
6.467661691542289093e-01
6.965174129353234322e-01
7.462686567164179552e-01
7.960199004975124781e-01
8.457711442786070011e-01
8.955223880597015240e-01
9.452736318407960470e-01
9.950248756218905699e-01
1.044776119402985204e+00
1.094527363184079727e+00
1.144278606965174250e+00
1.194029850746268773e+00
1.243781094527363296e+00
1.293532338308457819e+00
1.343283582089552342e+00
1.393034825870646864e+00
1.442786069651741387e+00
1.492537313432835910e+00
1.542288557213930433e+00
1.592039800995024956e+00
1.641791044776119479e+00
1.691542288557214002e+00
1.741293532338308525e+00
1.791044776119403048e+00
1.840796019900497571e+00
1.890547263681592094e+00
1.940298507462686617e+00
1.990049751243781140e+00
2.039800995024875885e+00
2.089552238805970408e+00
2.139303482587064931e+00
2.189054726368159454e+00
2.238805970149253977e+00
2.288557213930348500e+00
2.338308457711443022e+00
2.388059701492537545e+00
2.437810945273632068e+00
2.487562189054726591e+00
2.537313432835821114e+00
2.587064676616915637e+00
2.636815920398010160e+00
2.686567164179104683e+00
2.736318407960199206e+00
2.786069651741293729e+00
2.835820895522388252e+00
2.885572139303482775e+00
2.935323383084577298e+00
2.985074626865671821e+00
3.034825870646766344e+00
3.084577114427860867e+00
3.134328358208955390e+00
3.184079601990049913e+00
3.233830845771144435e+00
3.283582089552238958e+00
3.333333333333333481e+00
3.383084577114428004e+00
3.432835820895522527e+00
3.482587064676617050e+00
3.532338308457711573e+00
3.582089552238806096e+00
3.631840796019900619e+00
3.681592039800995142e+00
3.731343283582089665e+00
3.781094527363184188e+00
3.830845771144278711e+00
3.880597014925373234e+00
3.930348258706467757e+00
3.980099502487562280e+00
4.029850746268657247e+00
4.079601990049751770e+00
4.129353233830846293e+00
4.179104477611940816e+00
4.228855721393035338e+00
4.278606965174129861e+00
4.328358208955224384e+00
4.378109452736318907e+00
4.427860696517413430e+00
4.477611940298507953e+00
4.527363184079602476e+00
4.577114427860696999e+00
4.626865671641791522e+00
4.676616915422886045e+00
4.726368159203980568e+00
4.776119402985075091e+00
4.825870646766169614e+00
4.875621890547264137e+00
4.925373134328358660e+00
4.975124378109453183e+00
5.024875621890547706e+00
5.074626865671642229e+00
5.124378109452736751e+00
5.174129353233831274e+00
5.223880597014925797e+00
5.273631840796020320e+00
5.323383084577114843e+00
5.373134328358209366e+00
5.422885572139303889e+00
5.472636815920398412e+00
5.522388059701492935e+00
5.572139303482587458e+00
5.621890547263681981e+00
5.671641791044776504e+00
5.721393034825871027e+00
5.771144278606965550e+00
5.820895522388060073e+00
5.870646766169154596e+00
5.920398009950249119e+00
5.970149253731343642e+00
6.019900497512438164e+00
6.069651741293532687e+00
6.119402985074627210e+00
6.169154228855721733e+00
6.218905472636816256e+00
6.268656716417910779e+00
6.318407960199005302e+00
6.368159203980099825e+00
6.417910447761194348e+00
6.467661691542288871e+00
6.517412935323383394e+00
6.567164179104477917e+00
6.616915422885572440e+00
6.666666666666666963e+00
6.716417910447761486e+00
6.766169154228856009e+00
6.815920398009950532e+00
6.865671641791045055e+00
6.915422885572139577e+00
6.965174129353234100e+00
7.014925373134328623e+00
7.064676616915423146e+00
7.114427860696517669e+00
7.164179104477612192e+00
7.213930348258706715e+00
7.263681592039801238e+00
7.313432835820895761e+00
7.363184079601990284e+00
7.412935323383084807e+00
7.462686567164179330e+00
7.512437810945273853e+00
7.562189054726368376e+00
7.611940298507462899e+00
7.661691542288557422e+00
7.711442786069651945e+00
7.761194029850746468e+00
7.810945273631840990e+00
7.860696517412935513e+00
7.910447761194030036e+00
7.960199004975124559e+00
8.009950248756219082e+00
8.059701492537314493e+00
8.109452736318408128e+00
8.159203980099503539e+00
8.208955223880597174e+00
8.258706467661692585e+00
8.308457711442786220e+00
8.358208955223881631e+00
8.407960199004975266e+00
8.457711442786070677e+00
8.507462686567164312e+00
8.557213930348259723e+00
8.606965174129353358e+00
8.656716417910448769e+00
8.706467661691542403e+00
8.756218905472637815e+00
8.805970149253731449e+00
8.855721393034826860e+00
8.905472636815920495e+00
8.955223880597015906e+00
9.004975124378109541e+00
9.054726368159204952e+00
9.104477611940298587e+00
9.154228855721393998e+00
9.203980099502487633e+00
9.253731343283583044e+00
9.303482587064676679e+00
9.353233830845772090e+00
9.402985074626865725e+00
9.452736318407961136e+00
9.502487562189054771e+00
9.552238805970150182e+00
9.601990049751243816e+00
9.651741293532339228e+00
9.701492537313432862e+00
9.751243781094528273e+00
9.800995024875621908e+00
9.850746268656717319e+00
9.900497512437810954e+00
9.950248756218906365e+00
1.000000000000000000e+01
0.000000000000000000e+00
0.000000000000000000e+00
0.000000000000000000e+00
0.000000000000000000e+00
0.000000000000000000e+00
0.000000000000000000e+00
0.000000000000000000e+00
0.000000000000000000e+00
0.000000000000000000e+00
0.000000000000000000e+00
0.000000000000000000e+00
0.000000000000000000e+00
0.000000000000000000e+00
0.000000000000000000e+00
0.000000000000000000e+00
0.000000000000000000e+00
0.000000000000000000e+00
0.000000000000000000e+00
0.000000000000000000e+00
0.000000000000000000e+00
0.000000000000000000e+00
0.000000000000000000e+00
0.000000000000000000e+00
0.000000000000000000e+00
0.000000000000000000e+00
0.000000000000000000e+00
0.000000000000000000e+00
0.000000000000000000e+00
0.000000000000000000e+00
0.000000000000000000e+00
0.000000000000000000e+00
0.000000000000000000e+00
0.000000000000000000e+00
0.000000000000000000e+00
0.000000000000000000e+00
0.000000000000000000e+00
0.000000000000000000e+00
0.000000000000000000e+00
0.000000000000000000e+00
0.000000000000000000e+00
4.238395125180220192e-03
6.731615840351428022e-03
1.406452625733478970e-02
5.759411958416706806e-02
1.672995021570860275e-01
4.171812661873928185e-01
8.324562984250587494e-01
1.373306429440344090e+00
1.904036166644250017e+00
2.415857587016509544e+00
2.740053682464274498e+00
2.801546653077393589e+00
2.678055912282343520e+00
2.484252962060655268e+00
2.169925617805214202e+00
1.872403153253649366e+00
1.573298336498702543e+00
1.309203149311916725e+00
1.096035464236331025e+00
9.127586403176030094e-01
7.531624150779586691e-01
6.359258716655384891e-01
5.569290171917413712e-01
4.863471485931775140e-01
4.424085485429641307e-01
4.153646196208513608e-01
4.055182966110140730e-01
4.181779919016319624e-01
4.339792563692724814e-01
4.571467243646017420e-01
4.981383436427456735e-01
5.110600673395802040e-01
5.185459306389998968e-01
5.234265502636349376e-01
5.119048110797700391e-01
4.979055040202549631e-01
4.809110862898069993e-01
4.787887657280107123e-01
4.750779472502552059e-01
4.907166193988501957e-01
5.009363785038736250e-01
5.254550356442178050e-01
5.643221925376341597e-01
6.057949385128258424e-01
6.707611969733000556e-01
7.395436169695834838e-01
8.093816336817575285e-01
8.864986250051785088e-01
9.388271274984756332e-01
9.953088941422221225e-01
1.038727359571690156e+00
1.074393279052217487e+00
1.102609254476276446e+00
1.090361322690125423e+00
1.110354560879159624e+00
1.105007624927131449e+00
1.083931579334662221e+00
1.061441185706613277e+00
1.032473355205521859e+00
9.982476304025105218e-01
9.855276432672394060e-01
9.341465630934511211e-01
8.995415163597387798e-01
8.550876346954536800e-01
8.162595809229975519e-01
7.822885776821343340e-01
7.243913148946112823e-01
6.926527283817752734e-01
6.631809111171427240e-01
6.279194287494520577e-01
6.122617520580402317e-01
6.059211563098324538e-01
5.876838223719155208e-01
5.827365902785196505e-01
5.838248111926103157e-01
5.719225842146997696e-01
5.796497475480391071e-01
5.812006919014176543e-01
5.922023736246713188e-01
5.893745079934566977e-01
5.952451789959340989e-01
6.004141459465385244e-01
6.114120434468313103e-01
6.209822623962193422e-01
6.294624241589129587e-01
6.475814438418072694e-01
6.528400090149401036e-01
6.743370201389846663e-01
6.812625321361071018e-01
7.137178885609023471e-01
7.257596788828507561e-01
7.502773895563288331e-01
7.647346819116842553e-01
7.828447390398241001e-01
7.963683043444322873e-01
8.104509820020620037e-01
8.198635097918529624e-01
8.205762085840893061e-01
8.319144151671993281e-01
8.172915376313234503e-01
8.165446966987367494e-01
8.076816093174710165e-01
7.924703479997006195e-01
7.768119895419455245e-01
7.593060575363810294e-01
7.446451924546191314e-01
7.258275482914106069e-01
7.121977399513680362e-01
6.899295991324392308e-01
6.762963628996775389e-01
6.644311911105531543e-01
6.484088988159227851e-01
6.318799304835307495e-01
6.231145237556241501e-01
6.157971775055626207e-01
6.043412679797275366e-01
5.961324323288816895e-01
5.933622529320212724e-01
5.862320516839110152e-01
5.834913387027332865e-01
5.842365570289489440e-01
5.755528773288193234e-01
5.811026519312874061e-01
5.817859558548161836e-01
5.860869203366820823e-01
5.879024106075654288e-01
5.896708364792140333e-01
6.031696083350889248e-01
6.038107387079708621e-01
6.144042395974927961e-01
6.211154404078746971e-01
6.272441547470626322e-01
6.365228355769830815e-01
6.397348290875903842e-01
6.434834515299083790e-01
6.521199993811120921e-01
6.580761122233991234e-01
6.677365781437959447e-01
6.643214498869035589e-01
6.666801599168578063e-01
6.734372184404686656e-01
6.658420471900365900e-01
6.684458709529802478e-01
6.649142093652573582e-01
6.575892451604408162e-01
6.564376164817204984e-01
6.519620973762163540e-01
6.431095817671117487e-01
6.318843129785285395e-01
6.305791574363596164e-01
6.215815634773043108e-01
6.131232621362132651e-01
6.040987223120917182e-01
5.937316722285566062e-01
5.876483623638051323e-01
5.821958166953653535e-01
5.798892835240605503e-01
5.653051500919341610e-01
5.610232978759620570e-01
5.592922631260942579e-01
2.774348268008032803e-01
0.000000000000000000e+00
