0.000000000000000000e+00
1.000000000000000000e+00
2.000000000000000000e+00
3.000000000000000000e+00
4.000000000000000000e+00
5.000000000000000000e+00
6.000000000000000000e+00
7.000000000000000000e+00
8.000000000000000000e+00
9.000000000000000000e+00
1.000000000000000000e+01
1.100000000000000000e+01
1.200000000000000000e+01
1.300000000000000000e+01
1.400000000000000000e+01
1.500000000000000000e+01
1.600000000000000000e+01
1.700000000000000000e+01
1.800000000000000000e+01
1.900000000000000000e+01
2.000000000000000000e+01
2.100000000000000000e+01
2.200000000000000000e+01
2.300000000000000000e+01
2.400000000000000000e+01
2.500000000000000000e+01
2.600000000000000000e+01
2.700000000000000000e+01
2.800000000000000000e+01
2.900000000000000000e+01
3.000000000000000000e+01
3.100000000000000000e+01
3.200000000000000000e+01
3.300000000000000000e+01
3.400000000000000000e+01
3.500000000000000000e+01
3.600000000000000000e+01
3.700000000000000000e+01
3.800000000000000000e+01
3.900000000000000000e+01
4.000000000000000000e+01
4.100000000000000000e+01
4.200000000000000000e+01
4.300000000000000000e+01
4.400000000000000000e+01
4.500000000000000000e+01
4.600000000000000000e+01
4.700000000000000000e+01
4.800000000000000000e+01
4.900000000000000000e+01
5.000000000000000000e+01
5.100000000000000000e+01
5.200000000000000000e+01
5.300000000000000000e+01
5.400000000000000000e+01
5.500000000000000000e+01
5.600000000000000000e+01
5.700000000000000000e+01
5.800000000000000000e+01
5.900000000000000000e+01
6.000000000000000000e+01
6.100000000000000000e+01
6.200000000000000000e+01
6.300000000000000000e+01
6.400000000000000000e+01
6.500000000000000000e+01
6.600000000000000000e+01
6.700000000000000000e+01
6.800000000000000000e+01
6.900000000000000000e+01
7.000000000000000000e+01
7.100000000000000000e+01
7.200000000000000000e+01
7.300000000000000000e+01
7.400000000000000000e+01
7.500000000000000000e+01
7.600000000000000000e+01
7.700000000000000000e+01
7.800000000000000000e+01
7.900000000000000000e+01
8.000000000000000000e+01
8.100000000000000000e+01
8.200000000000000000e+01
8.300000000000000000e+01
8.400000000000000000e+01
8.500000000000000000e+01
8.600000000000000000e+01
8.700000000000000000e+01
8.800000000000000000e+01
8.900000000000000000e+01
9.000000000000000000e+01
9.100000000000000000e+01
9.200000000000000000e+01
9.300000000000000000e+01
9.400000000000000000e+01
9.500000000000000000e+01
9.600000000000000000e+01
9.700000000000000000e+01
9.800000000000000000e+01
9.900000000000000000e+01
1.000000000000000000e+02
1.010000000000000000e+02
1.020000000000000000e+02
1.030000000000000000e+02
1.040000000000000000e+02
1.050000000000000000e+02
1.060000000000000000e+02
1.070000000000000000e+02
1.080000000000000000e+02
1.090000000000000000e+02
1.100000000000000000e+02
1.110000000000000000e+02
1.120000000000000000e+02
1.130000000000000000e+02
1.140000000000000000e+02
1.150000000000000000e+02
1.160000000000000000e+02
1.170000000000000000e+02
1.180000000000000000e+02
1.190000000000000000e+02
1.200000000000000000e+02
1.210000000000000000e+02
1.220000000000000000e+02
1.230000000000000000e+02
1.240000000000000000e+02
1.250000000000000000e+02
1.260000000000000000e+02
1.270000000000000000e+02
1.280000000000000000e+02
1.290000000000000000e+02
1.300000000000000000e+02
1.310000000000000000e+02
1.320000000000000000e+02
1.330000000000000000e+02
1.340000000000000000e+02
1.350000000000000000e+02
1.360000000000000000e+02
1.370000000000000000e+02
1.380000000000000000e+02
1.390000000000000000e+02
1.400000000000000000e+02
1.410000000000000000e+02
1.420000000000000000e+02
1.430000000000000000e+02
1.440000000000000000e+02
1.450000000000000000e+02
1.460000000000000000e+02
1.470000000000000000e+02
1.480000000000000000e+02
1.490000000000000000e+02
1.500000000000000000e+02
1.510000000000000000e+02
1.520000000000000000e+02
1.530000000000000000e+02
1.540000000000000000e+02
1.550000000000000000e+02
1.560000000000000000e+02
1.570000000000000000e+02
1.580000000000000000e+02
1.590000000000000000e+02
1.600000000000000000e+02
1.610000000000000000e+02
1.620000000000000000e+02
1.630000000000000000e+02
1.640000000000000000e+02
1.650000000000000000e+02
1.660000000000000000e+02
1.670000000000000000e+02
1.680000000000000000e+02
1.690000000000000000e+02
1.700000000000000000e+02
1.710000000000000000e+02
1.720000000000000000e+02
1.730000000000000000e+02
1.740000000000000000e+02
1.750000000000000000e+02
1.760000000000000000e+02
1.770000000000000000e+02
1.780000000000000000e+02
1.790000000000000000e+02
1.800000000000000000e+02
0.000000000000000000e+00
0.000000000000000000e+00
0.000000000000000000e+00
0.000000000000000000e+00
0.000000000000000000e+00
0.000000000000000000e+00
0.000000000000000000e+00
0.000000000000000000e+00
0.000000000000000000e+00
0.000000000000000000e+00
0.000000000000000000e+00
0.000000000000000000e+00
0.000000000000000000e+00
0.000000000000000000e+00
0.000000000000000000e+00
0.000000000000000000e+00
0.000000000000000000e+00
0.000000000000000000e+00
0.000000000000000000e+00
0.000000000000000000e+00
0.000000000000000000e+00
0.000000000000000000e+00
0.000000000000000000e+00
0.000000000000000000e+00
0.000000000000000000e+00
0.000000000000000000e+00
0.000000000000000000e+00
0.000000000000000000e+00
0.000000000000000000e+00
0.000000000000000000e+00
0.000000000000000000e+00
0.000000000000000000e+00
2.000000000000000000e+00
0.000000000000000000e+00
3.666666666666666519e+00
7.333333333333333037e+00
1.500000000000000000e+01
3.666666666666666430e+01
7.700000000000000000e+01
1.580000000000000000e+02
2.750000000000000000e+02
4.400000000000000000e+02
6.280000000000000000e+02
8.313333333333333712e+02
1.067333333333333258e+03
1.284000000000000000e+03
1.483333333333333258e+03
1.709666666666666742e+03
1.885000000000000000e+03
1.957333333333333258e+03
2.072333333333333485e+03
2.071000000000000000e+03
2.080666666666666515e+03
2.121333333333333485e+03
2.124333333333333485e+03
2.208666666666666515e+03
2.265000000000000000e+03
2.318000000000000000e+03
2.433333333333333485e+03
2.408000000000000000e+03
2.366000000000000000e+03
2.303666666666666515e+03
2.261666666666666515e+03
2.197333333333333485e+03
2.047333333333333258e+03
2.026000000000000000e+03
1.824333333333333258e+03
1.718333333333333258e+03
1.611000000000000000e+03
1.506666666666666742e+03
1.408666666666666742e+03
1.309333333333333258e+03
1.231000000000000000e+03
1.197333333333333258e+03
1.158333333333333258e+03
1.133333333333333258e+03
1.169000000000000000e+03
1.138666666666666742e+03
1.139333333333333258e+03
1.190000000000000000e+03
1.218333333333333258e+03
1.253000000000000000e+03
1.244666666666666742e+03
1.276333333333333258e+03
1.285000000000000000e+03
1.353000000000000000e+03
1.367333333333333258e+03
1.400666666666666742e+03
1.386333333333333258e+03
1.433333333333333258e+03
1.484000000000000000e+03
1.478000000000000000e+03
1.469000000000000000e+03
1.512000000000000000e+03
1.499333333333333258e+03
1.527666666666666742e+03
1.557333333333333258e+03
1.528000000000000000e+03
1.563333333333333258e+03
1.522333333333333258e+03
1.537333333333333258e+03
1.619000000000000000e+03
1.633666666666666742e+03
1.592333333333333258e+03
1.643666666666666742e+03
1.642333333333333258e+03
1.655333333333333258e+03
1.662666666666666742e+03
1.660333333333333258e+03
1.694333333333333258e+03
1.675000000000000000e+03
1.680666666666666742e+03
1.631333333333333258e+03
1.623000000000000000e+03
1.669333333333333258e+03
1.668000000000000000e+03
1.593666666666666742e+03
1.578666666666666742e+03
1.581666666666666742e+03
1.508333333333333258e+03
1.500666666666666742e+03
1.421333333333333258e+03
1.379666666666666742e+03
1.345666666666666742e+03
1.273333333333333258e+03
1.311000000000000000e+03
1.251333333333333258e+03
1.215666666666666742e+03
1.208000000000000000e+03
1.173333333333333258e+03
1.153333333333333258e+03
1.105000000000000000e+03
1.088333333333333258e+03
1.069333333333333258e+03
1.029333333333333258e+03
1.006666666666666629e+03
1.018333333333333371e+03
9.790000000000000000e+02
9.476666666666666288e+02
9.196666666666666288e+02
9.140000000000000000e+02
8.640000000000000000e+02
8.940000000000000000e+02
8.410000000000000000e+02
8.343333333333333712e+02
8.200000000000000000e+02
8.316666666666666288e+02
7.980000000000000000e+02
8.106666666666666288e+02
8.140000000000000000e+02
7.393333333333333712e+02
7.500000000000000000e+02
7.290000000000000000e+02
7.086666666666666288e+02
6.893333333333333712e+02
6.560000000000000000e+02
6.460000000000000000e+02
6.233333333333333712e+02
6.140000000000000000e+02
5.740000000000000000e+02
5.353333333333333712e+02
5.113333333333333144e+02
4.976666666666666856e+02
4.666666666666666856e+02
4.520000000000000000e+02
4.020000000000000000e+02
3.856666666666666856e+02
3.636666666666666856e+02
3.290000000000000000e+02
3.076666666666666856e+02
2.703333333333333144e+02
2.423333333333333428e+02
2.223333333333333428e+02
1.870000000000000000e+02
1.666666666666666572e+02
1.396666666666666572e+02
1.193333333333333286e+02
8.566666666666667140e+01
5.500000000000000000e+01
2.800000000000000000e+01
3.666666666666666519e+00
