0.000000000000000000e+00
1.000000000000000000e+00
2.000000000000000000e+00
3.000000000000000000e+00
4.000000000000000000e+00
5.000000000000000000e+00
6.000000000000000000e+00
7.000000000000000000e+00
8.000000000000000000e+00
9.000000000000000000e+00
1.000000000000000000e+01
1.100000000000000000e+01
1.200000000000000000e+01
1.300000000000000000e+01
1.400000000000000000e+01
1.500000000000000000e+01
1.600000000000000000e+01
1.700000000000000000e+01
1.800000000000000000e+01
1.900000000000000000e+01
2.000000000000000000e+01
2.100000000000000000e+01
2.200000000000000000e+01
2.300000000000000000e+01
2.400000000000000000e+01
2.500000000000000000e+01
2.600000000000000000e+01
2.700000000000000000e+01
2.800000000000000000e+01
2.900000000000000000e+01
3.000000000000000000e+01
3.100000000000000000e+01
3.200000000000000000e+01
3.300000000000000000e+01
3.400000000000000000e+01
3.500000000000000000e+01
3.600000000000000000e+01
3.700000000000000000e+01
3.800000000000000000e+01
3.900000000000000000e+01
4.000000000000000000e+01
4.100000000000000000e+01
4.200000000000000000e+01
4.300000000000000000e+01
4.400000000000000000e+01
4.500000000000000000e+01
4.600000000000000000e+01
4.700000000000000000e+01
4.800000000000000000e+01
4.900000000000000000e+01
5.000000000000000000e+01
5.100000000000000000e+01
5.200000000000000000e+01
5.300000000000000000e+01
5.400000000000000000e+01
5.500000000000000000e+01
5.600000000000000000e+01
5.700000000000000000e+01
5.800000000000000000e+01
5.900000000000000000e+01
6.000000000000000000e+01
6.100000000000000000e+01
6.200000000000000000e+01
6.300000000000000000e+01
6.400000000000000000e+01
6.500000000000000000e+01
6.600000000000000000e+01
6.700000000000000000e+01
6.800000000000000000e+01
6.900000000000000000e+01
7.000000000000000000e+01
7.100000000000000000e+01
7.200000000000000000e+01
7.300000000000000000e+01
7.400000000000000000e+01
7.500000000000000000e+01
7.600000000000000000e+01
7.700000000000000000e+01
7.800000000000000000e+01
7.900000000000000000e+01
8.000000000000000000e+01
8.100000000000000000e+01
8.200000000000000000e+01
8.300000000000000000e+01
8.400000000000000000e+01
8.500000000000000000e+01
8.600000000000000000e+01
8.700000000000000000e+01
8.800000000000000000e+01
8.900000000000000000e+01
9.000000000000000000e+01
9.100000000000000000e+01
9.200000000000000000e+01
9.300000000000000000e+01
9.400000000000000000e+01
9.500000000000000000e+01
9.600000000000000000e+01
9.700000000000000000e+01
9.800000000000000000e+01
9.900000000000000000e+01
1.000000000000000000e+02
1.010000000000000000e+02
1.020000000000000000e+02
1.030000000000000000e+02
1.040000000000000000e+02
1.050000000000000000e+02
1.060000000000000000e+02
1.070000000000000000e+02
1.080000000000000000e+02
1.090000000000000000e+02
1.100000000000000000e+02
1.110000000000000000e+02
1.120000000000000000e+02
1.130000000000000000e+02
1.140000000000000000e+02
1.150000000000000000e+02
1.160000000000000000e+02
1.170000000000000000e+02
1.180000000000000000e+02
1.190000000000000000e+02
1.200000000000000000e+02
1.210000000000000000e+02
1.220000000000000000e+02
1.230000000000000000e+02
1.240000000000000000e+02
1.250000000000000000e+02
1.260000000000000000e+02
1.270000000000000000e+02
1.280000000000000000e+02
1.290000000000000000e+02
1.300000000000000000e+02
1.310000000000000000e+02
1.320000000000000000e+02
1.330000000000000000e+02
1.340000000000000000e+02
1.350000000000000000e+02
1.360000000000000000e+02
1.370000000000000000e+02
1.380000000000000000e+02
1.390000000000000000e+02
1.400000000000000000e+02
1.410000000000000000e+02
1.420000000000000000e+02
1.430000000000000000e+02
1.440000000000000000e+02
1.450000000000000000e+02
1.460000000000000000e+02
1.470000000000000000e+02
1.480000000000000000e+02
1.490000000000000000e+02
1.500000000000000000e+02
1.510000000000000000e+02
1.520000000000000000e+02
1.530000000000000000e+02
1.540000000000000000e+02
1.550000000000000000e+02
1.560000000000000000e+02
1.570000000000000000e+02
1.580000000000000000e+02
1.590000000000000000e+02
1.600000000000000000e+02
1.610000000000000000e+02
1.620000000000000000e+02
1.630000000000000000e+02
1.640000000000000000e+02
1.650000000000000000e+02
1.660000000000000000e+02
1.670000000000000000e+02
1.680000000000000000e+02
1.690000000000000000e+02
1.700000000000000000e+02
1.710000000000000000e+02
1.720000000000000000e+02
1.730000000000000000e+02
1.740000000000000000e+02
1.750000000000000000e+02
1.760000000000000000e+02
1.770000000000000000e+02
1.780000000000000000e+02
1.790000000000000000e+02
1.800000000000000000e+02
0.000000000000000000e+00
0.000000000000000000e+00
0.000000000000000000e+00
0.000000000000000000e+00
0.000000000000000000e+00
0.000000000000000000e+00
0.000000000000000000e+00
0.000000000000000000e+00
0.000000000000000000e+00
0.000000000000000000e+00
0.000000000000000000e+00
0.000000000000000000e+00
0.000000000000000000e+00
0.000000000000000000e+00
0.000000000000000000e+00
0.000000000000000000e+00
0.000000000000000000e+00
0.000000000000000000e+00
0.000000000000000000e+00
0.000000000000000000e+00
0.000000000000000000e+00
0.000000000000000000e+00
0.000000000000000000e+00
0.000000000000000000e+00
0.000000000000000000e+00
0.000000000000000000e+00
0.000000000000000000e+00
0.000000000000000000e+00
0.000000000000000000e+00
0.000000000000000000e+00
0.000000000000000000e+00
0.000000000000000000e+00
0.000000000000000000e+00
3.000000000000000000e+00
3.666666666666666519e+00
1.133333333333333393e+01
2.800000000000000000e+01
4.900000000000000000e+01
9.633333333333332860e+01
1.860000000000000000e+02
3.210000000000000000e+02
4.900000000000000000e+02
6.920000000000000000e+02
9.433333333333333712e+02
1.119666666666666742e+03
1.402666666666666742e+03
1.596666666666666742e+03
1.805333333333333258e+03
1.888666666666666742e+03
2.029000000000000000e+03
2.160333333333333485e+03
2.183000000000000000e+03
2.176000000000000000e+03
2.233000000000000000e+03
2.247333333333333485e+03
2.332000000000000000e+03
2.350333333333333485e+03
2.433333333333333485e+03
2.471333333333333485e+03
2.415333333333333485e+03
2.388000000000000000e+03
2.316000000000000000e+03
2.307666666666666515e+03
2.261000000000000000e+03
2.081333333333333485e+03
1.968333333333333258e+03
1.856000000000000000e+03
1.759333333333333258e+03
1.672000000000000000e+03
1.548000000000000000e+03
1.442666666666666742e+03
1.339666666666666742e+03
1.264666666666666742e+03
1.226666666666666742e+03
1.162000000000000000e+03
1.184333333333333258e+03
1.190000000000000000e+03
1.204333333333333258e+03
1.203000000000000000e+03
1.224666666666666742e+03
1.242666666666666742e+03
1.248666666666666742e+03
1.336000000000000000e+03
1.327333333333333258e+03
1.409000000000000000e+03
1.341666666666666742e+03
1.405333333333333258e+03
1.434000000000000000e+03
1.467000000000000000e+03
1.469000000000000000e+03
1.507333333333333258e+03
1.560666666666666742e+03
1.554333333333333258e+03
1.596000000000000000e+03
1.576000000000000000e+03
1.575000000000000000e+03
1.602000000000000000e+03
1.567666666666666742e+03
1.623666666666666742e+03
1.570666666666666742e+03
1.661333333333333258e+03
1.632666666666666742e+03
1.621666666666666742e+03
1.665666666666666742e+03
1.695333333333333258e+03
1.694666666666666742e+03
1.714000000000000000e+03
1.699333333333333258e+03
1.711000000000000000e+03
1.768333333333333258e+03
1.729000000000000000e+03
1.749000000000000000e+03
1.735666666666666742e+03
1.748666666666666742e+03
1.673000000000000000e+03
1.678333333333333258e+03
1.640000000000000000e+03
1.582000000000000000e+03
1.632666666666666742e+03
1.539000000000000000e+03
1.500000000000000000e+03
1.468333333333333258e+03
1.451666666666666742e+03
1.389333333333333258e+03
1.380333333333333258e+03
1.299000000000000000e+03
1.289333333333333258e+03
1.257666666666666742e+03
1.227666666666666742e+03
1.195666666666666742e+03
1.191666666666666742e+03
1.150000000000000000e+03
1.142333333333333258e+03
1.079333333333333258e+03
1.092000000000000000e+03
1.036666666666666742e+03
1.048666666666666742e+03
1.024000000000000000e+03
9.620000000000000000e+02
9.630000000000000000e+02
9.526666666666666288e+02
9.310000000000000000e+02
9.166666666666666288e+02
8.540000000000000000e+02
8.676666666666666288e+02
8.630000000000000000e+02
8.516666666666666288e+02
8.083333333333333712e+02
8.396666666666666288e+02
8.156666666666666288e+02
7.800000000000000000e+02
7.746666666666666288e+02
7.660000000000000000e+02
7.210000000000000000e+02
7.053333333333333712e+02
6.966666666666666288e+02
6.846666666666666288e+02
6.510000000000000000e+02
6.323333333333333712e+02
5.730000000000000000e+02
5.590000000000000000e+02
5.310000000000000000e+02
5.173333333333333712e+02
4.783333333333333144e+02
4.563333333333333144e+02
4.126666666666666856e+02
4.053333333333333144e+02
3.820000000000000000e+02
3.393333333333333144e+02
2.950000000000000000e+02
2.890000000000000000e+02
2.596666666666666856e+02
2.156666666666666572e+02
1.990000000000000000e+02
1.866666666666666572e+02
1.460000000000000000e+02
1.143333333333333286e+02
8.933333333333332860e+01
6.766666666666667140e+01
3.000000000000000000e+01
4.799999999999999822e+00
