0.000000000000000000e+00
1.000000000000000000e+00
2.000000000000000000e+00
3.000000000000000000e+00
4.000000000000000000e+00
5.000000000000000000e+00
6.000000000000000000e+00
7.000000000000000000e+00
8.000000000000000000e+00
9.000000000000000000e+00
1.000000000000000000e+01
1.100000000000000000e+01
1.200000000000000000e+01
1.300000000000000000e+01
1.400000000000000000e+01
1.500000000000000000e+01
1.600000000000000000e+01
1.700000000000000000e+01
1.800000000000000000e+01
1.900000000000000000e+01
2.000000000000000000e+01
2.100000000000000000e+01
2.200000000000000000e+01
2.300000000000000000e+01
2.400000000000000000e+01
2.500000000000000000e+01
2.600000000000000000e+01
2.700000000000000000e+01
2.800000000000000000e+01
2.900000000000000000e+01
3.000000000000000000e+01
3.100000000000000000e+01
3.200000000000000000e+01
3.300000000000000000e+01
3.400000000000000000e+01
3.500000000000000000e+01
3.600000000000000000e+01
3.700000000000000000e+01
3.800000000000000000e+01
3.900000000000000000e+01
4.000000000000000000e+01
4.100000000000000000e+01
4.200000000000000000e+01
4.300000000000000000e+01
4.400000000000000000e+01
4.500000000000000000e+01
4.600000000000000000e+01
4.700000000000000000e+01
4.800000000000000000e+01
4.900000000000000000e+01
5.000000000000000000e+01
5.100000000000000000e+01
5.200000000000000000e+01
5.300000000000000000e+01
5.400000000000000000e+01
5.500000000000000000e+01
5.600000000000000000e+01
5.700000000000000000e+01
5.800000000000000000e+01
5.900000000000000000e+01
6.000000000000000000e+01
6.100000000000000000e+01
6.200000000000000000e+01
6.300000000000000000e+01
6.400000000000000000e+01
6.500000000000000000e+01
6.600000000000000000e+01
6.700000000000000000e+01
6.800000000000000000e+01
6.900000000000000000e+01
7.000000000000000000e+01
7.100000000000000000e+01
7.200000000000000000e+01
7.300000000000000000e+01
7.400000000000000000e+01
7.500000000000000000e+01
7.600000000000000000e+01
7.700000000000000000e+01
7.800000000000000000e+01
7.900000000000000000e+01
8.000000000000000000e+01
8.100000000000000000e+01
8.200000000000000000e+01
8.300000000000000000e+01
8.400000000000000000e+01
8.500000000000000000e+01
8.600000000000000000e+01
8.700000000000000000e+01
8.800000000000000000e+01
8.900000000000000000e+01
9.000000000000000000e+01
9.100000000000000000e+01
9.200000000000000000e+01
9.300000000000000000e+01
9.400000000000000000e+01
9.500000000000000000e+01
9.600000000000000000e+01
9.700000000000000000e+01
9.800000000000000000e+01
9.900000000000000000e+01
1.000000000000000000e+02
1.010000000000000000e+02
1.020000000000000000e+02
1.030000000000000000e+02
1.040000000000000000e+02
1.050000000000000000e+02
1.060000000000000000e+02
1.070000000000000000e+02
1.080000000000000000e+02
1.090000000000000000e+02
1.100000000000000000e+02
1.110000000000000000e+02
1.120000000000000000e+02
1.130000000000000000e+02
1.140000000000000000e+02
1.150000000000000000e+02
1.160000000000000000e+02
1.170000000000000000e+02
1.180000000000000000e+02
1.190000000000000000e+02
1.200000000000000000e+02
1.210000000000000000e+02
1.220000000000000000e+02
1.230000000000000000e+02
1.240000000000000000e+02
1.250000000000000000e+02
1.260000000000000000e+02
1.270000000000000000e+02
1.280000000000000000e+02
1.290000000000000000e+02
1.300000000000000000e+02
1.310000000000000000e+02
1.320000000000000000e+02
1.330000000000000000e+02
1.340000000000000000e+02
1.350000000000000000e+02
1.360000000000000000e+02
1.370000000000000000e+02
1.380000000000000000e+02
1.390000000000000000e+02
1.400000000000000000e+02
1.410000000000000000e+02
1.420000000000000000e+02
1.430000000000000000e+02
1.440000000000000000e+02
1.450000000000000000e+02
1.460000000000000000e+02
1.470000000000000000e+02
1.480000000000000000e+02
1.490000000000000000e+02
1.500000000000000000e+02
1.510000000000000000e+02
1.520000000000000000e+02
1.530000000000000000e+02
1.540000000000000000e+02
1.550000000000000000e+02
1.560000000000000000e+02
1.570000000000000000e+02
1.580000000000000000e+02
1.590000000000000000e+02
1.600000000000000000e+02
1.610000000000000000e+02
1.620000000000000000e+02
1.630000000000000000e+02
1.640000000000000000e+02
1.650000000000000000e+02
1.660000000000000000e+02
1.670000000000000000e+02
1.680000000000000000e+02
1.690000000000000000e+02
1.700000000000000000e+02
1.710000000000000000e+02
1.720000000000000000e+02
1.730000000000000000e+02
1.740000000000000000e+02
1.750000000000000000e+02
1.760000000000000000e+02
1.770000000000000000e+02
1.780000000000000000e+02
1.790000000000000000e+02
1.800000000000000000e+02
0.000000000000000000e+00
0.000000000000000000e+00
0.000000000000000000e+00
0.000000000000000000e+00
0.000000000000000000e+00
0.000000000000000000e+00
0.000000000000000000e+00
0.000000000000000000e+00
0.000000000000000000e+00
0.000000000000000000e+00
0.000000000000000000e+00
0.000000000000000000e+00
0.000000000000000000e+00
0.000000000000000000e+00
0.000000000000000000e+00
0.000000000000000000e+00
0.000000000000000000e+00
0.000000000000000000e+00
0.000000000000000000e+00
0.000000000000000000e+00
0.000000000000000000e+00
0.000000000000000000e+00
0.000000000000000000e+00
0.000000000000000000e+00
2.000000000000000000e+00
2.000000000000000000e+00
2.000000000000000000e+00
2.000000000000000000e+00
2.500000000000000000e+00
5.500000000000000000e+00
7.200000000000000178e+00
1.133333333333333393e+01
2.266666666666666785e+01
4.033333333333333570e+01
7.133333333333332860e+01
1.083333333333333286e+02
1.723333333333333428e+02
2.500000000000000000e+02
3.680000000000000000e+02
5.056666666666666856e+02
6.623333333333333712e+02
8.576666666666666288e+02
1.042000000000000000e+03
1.222333333333333258e+03
1.430666666666666742e+03
1.584000000000000000e+03
1.764333333333333258e+03
1.889333333333333258e+03
2.064000000000000000e+03
2.189000000000000000e+03
2.304333333333333485e+03
2.291000000000000000e+03
2.434333333333333485e+03
2.434666666666666515e+03
2.394333333333333485e+03
2.489333333333333485e+03
2.469000000000000000e+03
2.478666666666666515e+03
2.408000000000000000e+03
2.382666666666666515e+03
2.355333333333333485e+03
2.313333333333333485e+03
2.213333333333333485e+03
2.161666666666666515e+03
2.070000000000000000e+03
1.953000000000000000e+03
1.942333333333333258e+03
1.816333333333333258e+03
1.730333333333333258e+03
1.653333333333333258e+03
1.577333333333333258e+03
1.527000000000000000e+03
1.489333333333333258e+03
1.417666666666666742e+03
1.424333333333333258e+03
1.389000000000000000e+03
1.395000000000000000e+03
1.393666666666666742e+03
1.406666666666666742e+03
1.414666666666666742e+03
1.458333333333333258e+03
1.436000000000000000e+03
1.490000000000000000e+03
1.489333333333333258e+03
1.513000000000000000e+03
1.529000000000000000e+03
1.552000000000000000e+03
1.577666666666666742e+03
1.606666666666666742e+03
1.628333333333333258e+03
1.628000000000000000e+03
1.730666666666666742e+03
1.712666666666666742e+03
1.689333333333333258e+03
1.733666666666666742e+03
1.753000000000000000e+03
1.716000000000000000e+03
1.766000000000000000e+03
1.765333333333333258e+03
1.798333333333333258e+03
1.814333333333333258e+03
1.827000000000000000e+03
1.806666666666666742e+03
1.825000000000000000e+03
1.841333333333333258e+03
1.784000000000000000e+03
1.810333333333333258e+03
1.825666666666666742e+03
1.839000000000000000e+03
1.851666666666666742e+03
1.847333333333333258e+03
1.838666666666666742e+03
1.817333333333333258e+03
1.834666666666666742e+03
1.764000000000000000e+03
1.780333333333333258e+03
1.713333333333333258e+03
1.704666666666666742e+03
1.698666666666666742e+03
1.603666666666666742e+03
1.619000000000000000e+03
1.619333333333333258e+03
1.562333333333333258e+03
1.515000000000000000e+03
1.475000000000000000e+03
1.455000000000000000e+03
1.404333333333333258e+03
1.387333333333333258e+03
1.351666666666666742e+03
1.320333333333333258e+03
1.305666666666666742e+03
1.256666666666666742e+03
1.252000000000000000e+03
1.212666666666666742e+03
1.196666666666666742e+03
1.185000000000000000e+03
1.118333333333333258e+03
1.087000000000000000e+03
1.090000000000000000e+03
1.078333333333333258e+03
1.019333333333333371e+03
1.031000000000000000e+03
1.014333333333333371e+03
9.800000000000000000e+02
9.753333333333333712e+02
9.480000000000000000e+02
9.500000000000000000e+02
8.920000000000000000e+02
8.640000000000000000e+02
8.776666666666666288e+02
8.663333333333333712e+02
8.360000000000000000e+02
7.953333333333333712e+02
7.793333333333333712e+02
7.656666666666666288e+02
7.243333333333333712e+02
7.190000000000000000e+02
6.510000000000000000e+02
6.476666666666666288e+02
6.213333333333333712e+02
6.000000000000000000e+02
5.673333333333333712e+02
5.656666666666666288e+02
5.180000000000000000e+02
4.903333333333333144e+02
4.463333333333333144e+02
4.213333333333333144e+02
4.103333333333333144e+02
3.706666666666666856e+02
3.476666666666666856e+02
3.096666666666666856e+02
2.880000000000000000e+02
2.596666666666666856e+02
2.186666666666666572e+02
2.140000000000000000e+02
1.720000000000000000e+02
1.393333333333333428e+02
9.466666666666667140e+01
6.933333333333332860e+01
3.100000000000000000e+01
5.200000000000000178e+00
