0.000000000000000000e+00
1.000000000000000000e+00
2.000000000000000000e+00
3.000000000000000000e+00
4.000000000000000000e+00
5.000000000000000000e+00
6.000000000000000000e+00
7.000000000000000000e+00
8.000000000000000000e+00
9.000000000000000000e+00
1.000000000000000000e+01
1.100000000000000000e+01
1.200000000000000000e+01
1.300000000000000000e+01
1.400000000000000000e+01
1.500000000000000000e+01
1.600000000000000000e+01
1.700000000000000000e+01
1.800000000000000000e+01
1.900000000000000000e+01
2.000000000000000000e+01
2.100000000000000000e+01
2.200000000000000000e+01
2.300000000000000000e+01
2.400000000000000000e+01
2.500000000000000000e+01
2.600000000000000000e+01
2.700000000000000000e+01
2.800000000000000000e+01
2.900000000000000000e+01
3.000000000000000000e+01
3.100000000000000000e+01
3.200000000000000000e+01
3.300000000000000000e+01
3.400000000000000000e+01
3.500000000000000000e+01
3.600000000000000000e+01
3.700000000000000000e+01
3.800000000000000000e+01
3.900000000000000000e+01
4.000000000000000000e+01
4.100000000000000000e+01
4.200000000000000000e+01
4.300000000000000000e+01
4.400000000000000000e+01
4.500000000000000000e+01
4.600000000000000000e+01
4.700000000000000000e+01
4.800000000000000000e+01
4.900000000000000000e+01
5.000000000000000000e+01
5.100000000000000000e+01
5.200000000000000000e+01
5.300000000000000000e+01
5.400000000000000000e+01
5.500000000000000000e+01
5.600000000000000000e+01
5.700000000000000000e+01
5.800000000000000000e+01
5.900000000000000000e+01
6.000000000000000000e+01
6.100000000000000000e+01
6.200000000000000000e+01
6.300000000000000000e+01
6.400000000000000000e+01
6.500000000000000000e+01
6.600000000000000000e+01
6.700000000000000000e+01
6.800000000000000000e+01
6.900000000000000000e+01
7.000000000000000000e+01
7.100000000000000000e+01
7.200000000000000000e+01
7.300000000000000000e+01
7.400000000000000000e+01
7.500000000000000000e+01
7.600000000000000000e+01
7.700000000000000000e+01
7.800000000000000000e+01
7.900000000000000000e+01
8.000000000000000000e+01
8.100000000000000000e+01
8.200000000000000000e+01
8.300000000000000000e+01
8.400000000000000000e+01
8.500000000000000000e+01
8.600000000000000000e+01
8.700000000000000000e+01
8.800000000000000000e+01
8.900000000000000000e+01
9.000000000000000000e+01
9.100000000000000000e+01
9.200000000000000000e+01
9.300000000000000000e+01
9.400000000000000000e+01
9.500000000000000000e+01
9.600000000000000000e+01
9.700000000000000000e+01
9.800000000000000000e+01
9.900000000000000000e+01
1.000000000000000000e+02
1.010000000000000000e+02
1.020000000000000000e+02
1.030000000000000000e+02
1.040000000000000000e+02
1.050000000000000000e+02
1.060000000000000000e+02
1.070000000000000000e+02
1.080000000000000000e+02
1.090000000000000000e+02
1.100000000000000000e+02
1.110000000000000000e+02
1.120000000000000000e+02
1.130000000000000000e+02
1.140000000000000000e+02
1.150000000000000000e+02
1.160000000000000000e+02
1.170000000000000000e+02
1.180000000000000000e+02
1.190000000000000000e+02
1.200000000000000000e+02
1.210000000000000000e+02
1.220000000000000000e+02
1.230000000000000000e+02
1.240000000000000000e+02
1.250000000000000000e+02
1.260000000000000000e+02
1.270000000000000000e+02
1.280000000000000000e+02
1.290000000000000000e+02
1.300000000000000000e+02
1.310000000000000000e+02
1.320000000000000000e+02
1.330000000000000000e+02
1.340000000000000000e+02
1.350000000000000000e+02
1.360000000000000000e+02
1.370000000000000000e+02
1.380000000000000000e+02
1.390000000000000000e+02
1.400000000000000000e+02
1.410000000000000000e+02
1.420000000000000000e+02
1.430000000000000000e+02
1.440000000000000000e+02
1.450000000000000000e+02
1.460000000000000000e+02
1.470000000000000000e+02
1.480000000000000000e+02
1.490000000000000000e+02
1.500000000000000000e+02
1.510000000000000000e+02
1.520000000000000000e+02
1.530000000000000000e+02
1.540000000000000000e+02
1.550000000000000000e+02
1.560000000000000000e+02
1.570000000000000000e+02
1.580000000000000000e+02
1.590000000000000000e+02
1.600000000000000000e+02
1.610000000000000000e+02
1.620000000000000000e+02
1.630000000000000000e+02
1.640000000000000000e+02
1.650000000000000000e+02
1.660000000000000000e+02
1.670000000000000000e+02
1.680000000000000000e+02
1.690000000000000000e+02
1.700000000000000000e+02
1.710000000000000000e+02
1.720000000000000000e+02
1.730000000000000000e+02
1.740000000000000000e+02
1.750000000000000000e+02
1.760000000000000000e+02
1.770000000000000000e+02
1.780000000000000000e+02
1.790000000000000000e+02
1.800000000000000000e+02
0.000000000000000000e+00
0.000000000000000000e+00
0.000000000000000000e+00
0.000000000000000000e+00
0.000000000000000000e+00
0.000000000000000000e+00
0.000000000000000000e+00
0.000000000000000000e+00
0.000000000000000000e+00
0.000000000000000000e+00
0.000000000000000000e+00
0.000000000000000000e+00
0.000000000000000000e+00
0.000000000000000000e+00
0.000000000000000000e+00
0.000000000000000000e+00
0.000000000000000000e+00
0.000000000000000000e+00
0.000000000000000000e+00
0.000000000000000000e+00
0.000000000000000000e+00
0.000000000000000000e+00
0.000000000000000000e+00
0.000000000000000000e+00
2.000000000000000000e+00
4.000000000000000000e+00
3.000000000000000000e+00
2.666666666666666519e+00
4.000000000000000000e+00
6.400000000000000355e+00
9.000000000000000000e+00
1.466666666666666607e+01
2.566666666666666785e+01
4.800000000000000000e+01
7.733333333333332860e+01
1.513333333333333428e+02
2.216666666666666572e+02
3.210000000000000000e+02
4.330000000000000000e+02
5.606666666666666288e+02
7.663333333333333712e+02
9.573333333333333712e+02
1.196000000000000000e+03
1.311666666666666742e+03
1.509000000000000000e+03
1.763333333333333258e+03
1.913000000000000000e+03
2.086333333333333485e+03
2.164333333333333485e+03
2.278333333333333485e+03
2.373333333333333485e+03
2.491666666666666515e+03
2.464666666666666515e+03
2.486333333333333485e+03
2.519666666666666515e+03
2.597333333333333485e+03
2.584666666666666515e+03
2.503333333333333485e+03
2.454666666666666515e+03
2.437000000000000000e+03
2.390000000000000000e+03
2.309333333333333485e+03
2.314666666666666515e+03
2.144666666666666515e+03
2.026000000000000000e+03
1.983666666666666742e+03
1.911000000000000000e+03
1.873333333333333258e+03
1.731000000000000000e+03
1.693666666666666742e+03
1.615000000000000000e+03
1.516000000000000000e+03
1.559000000000000000e+03
1.464333333333333258e+03
1.446333333333333258e+03
1.458666666666666742e+03
1.437000000000000000e+03
1.450333333333333258e+03
1.447333333333333258e+03
1.454000000000000000e+03
1.453000000000000000e+03
1.490333333333333258e+03
1.502666666666666742e+03
1.538000000000000000e+03
1.562666666666666742e+03
1.583666666666666742e+03
1.603333333333333258e+03
1.660000000000000000e+03
1.657000000000000000e+03
1.687666666666666742e+03
1.722000000000000000e+03
1.783000000000000000e+03
1.760000000000000000e+03
1.781333333333333258e+03
1.865666666666666742e+03
1.837000000000000000e+03
1.846000000000000000e+03
1.809666666666666742e+03
1.835666666666666742e+03
1.830333333333333258e+03
1.886333333333333258e+03
1.877333333333333258e+03
1.918000000000000000e+03
1.908000000000000000e+03
1.888000000000000000e+03
1.916666666666666742e+03
1.887000000000000000e+03
1.868666666666666742e+03
1.916666666666666742e+03
1.890333333333333258e+03
1.844333333333333258e+03
1.880333333333333258e+03
1.837333333333333258e+03
1.823000000000000000e+03
1.845333333333333258e+03
1.800000000000000000e+03
1.789000000000000000e+03
1.760666666666666742e+03
1.739666666666666742e+03
1.670000000000000000e+03
1.697000000000000000e+03
1.638000000000000000e+03
1.608000000000000000e+03
1.573333333333333258e+03
1.544333333333333258e+03
1.489666666666666742e+03
1.440333333333333258e+03
1.419000000000000000e+03
1.399333333333333258e+03
1.370000000000000000e+03
1.342666666666666742e+03
1.324333333333333258e+03
1.271000000000000000e+03
1.285666666666666742e+03
1.218666666666666742e+03
1.189666666666666742e+03
1.177333333333333258e+03
1.138333333333333258e+03
1.104333333333333258e+03
1.103333333333333258e+03
1.086666666666666742e+03
1.094000000000000000e+03
1.019000000000000000e+03
1.034333333333333258e+03
9.740000000000000000e+02
1.004666666666666629e+03
9.546666666666666288e+02
9.160000000000000000e+02
9.166666666666666288e+02
8.966666666666666288e+02
8.560000000000000000e+02
8.650000000000000000e+02
8.346666666666666288e+02
8.300000000000000000e+02
7.726666666666666288e+02
7.510000000000000000e+02
7.056666666666666288e+02
6.880000000000000000e+02
6.783333333333333712e+02
6.630000000000000000e+02
5.940000000000000000e+02
5.696666666666666288e+02
5.616666666666666288e+02
5.346666666666666288e+02
4.853333333333333144e+02
4.940000000000000000e+02
4.800000000000000000e+02
3.996666666666666856e+02
3.896666666666666856e+02
3.600000000000000000e+02
3.303333333333333144e+02
3.096666666666666856e+02
2.566666666666666856e+02
2.380000000000000000e+02
1.910000000000000000e+02
1.750000000000000000e+02
1.326666666666666572e+02
1.016666666666666714e+02
6.833333333333332860e+01
3.366666666666666430e+01
4.666666666666666963e+00
