0.000000000000000000e+00
1.000000000000000000e+00
2.000000000000000000e+00
3.000000000000000000e+00
4.000000000000000000e+00
5.000000000000000000e+00
6.000000000000000000e+00
7.000000000000000000e+00
8.000000000000000000e+00
9.000000000000000000e+00
1.000000000000000000e+01
1.100000000000000000e+01
1.200000000000000000e+01
1.300000000000000000e+01
1.400000000000000000e+01
1.500000000000000000e+01
1.600000000000000000e+01
1.700000000000000000e+01
1.800000000000000000e+01
1.900000000000000000e+01
2.000000000000000000e+01
2.100000000000000000e+01
2.200000000000000000e+01
2.300000000000000000e+01
2.400000000000000000e+01
2.500000000000000000e+01
2.600000000000000000e+01
2.700000000000000000e+01
2.800000000000000000e+01
2.900000000000000000e+01
3.000000000000000000e+01
3.100000000000000000e+01
3.200000000000000000e+01
3.300000000000000000e+01
3.400000000000000000e+01
3.500000000000000000e+01
3.600000000000000000e+01
3.700000000000000000e+01
3.800000000000000000e+01
3.900000000000000000e+01
4.000000000000000000e+01
4.100000000000000000e+01
4.200000000000000000e+01
4.300000000000000000e+01
4.400000000000000000e+01
4.500000000000000000e+01
4.600000000000000000e+01
4.700000000000000000e+01
4.800000000000000000e+01
4.900000000000000000e+01
5.000000000000000000e+01
5.100000000000000000e+01
5.200000000000000000e+01
5.300000000000000000e+01
5.400000000000000000e+01
5.500000000000000000e+01
5.600000000000000000e+01
5.700000000000000000e+01
5.800000000000000000e+01
5.900000000000000000e+01
6.000000000000000000e+01
6.100000000000000000e+01
6.200000000000000000e+01
6.300000000000000000e+01
6.400000000000000000e+01
6.500000000000000000e+01
6.600000000000000000e+01
6.700000000000000000e+01
6.800000000000000000e+01
6.900000000000000000e+01
7.000000000000000000e+01
7.100000000000000000e+01
7.200000000000000000e+01
7.300000000000000000e+01
7.400000000000000000e+01
7.500000000000000000e+01
7.600000000000000000e+01
7.700000000000000000e+01
7.800000000000000000e+01
7.900000000000000000e+01
8.000000000000000000e+01
8.100000000000000000e+01
8.200000000000000000e+01
8.300000000000000000e+01
8.400000000000000000e+01
8.500000000000000000e+01
8.600000000000000000e+01
8.700000000000000000e+01
8.800000000000000000e+01
8.900000000000000000e+01
9.000000000000000000e+01
9.100000000000000000e+01
9.200000000000000000e+01
9.300000000000000000e+01
9.400000000000000000e+01
9.500000000000000000e+01
9.600000000000000000e+01
9.700000000000000000e+01
9.800000000000000000e+01
9.900000000000000000e+01
1.000000000000000000e+02
1.010000000000000000e+02
1.020000000000000000e+02
1.030000000000000000e+02
1.040000000000000000e+02
1.050000000000000000e+02
1.060000000000000000e+02
1.070000000000000000e+02
1.080000000000000000e+02
1.090000000000000000e+02
1.100000000000000000e+02
1.110000000000000000e+02
1.120000000000000000e+02
1.130000000000000000e+02
1.140000000000000000e+02
1.150000000000000000e+02
1.160000000000000000e+02
1.170000000000000000e+02
1.180000000000000000e+02
1.190000000000000000e+02
1.200000000000000000e+02
1.210000000000000000e+02
1.220000000000000000e+02
1.230000000000000000e+02
1.240000000000000000e+02
1.250000000000000000e+02
1.260000000000000000e+02
1.270000000000000000e+02
1.280000000000000000e+02
1.290000000000000000e+02
1.300000000000000000e+02
1.310000000000000000e+02
1.320000000000000000e+02
1.330000000000000000e+02
1.340000000000000000e+02
1.350000000000000000e+02
1.360000000000000000e+02
1.370000000000000000e+02
1.380000000000000000e+02
1.390000000000000000e+02
1.400000000000000000e+02
1.410000000000000000e+02
1.420000000000000000e+02
1.430000000000000000e+02
1.440000000000000000e+02
1.450000000000000000e+02
1.460000000000000000e+02
1.470000000000000000e+02
1.480000000000000000e+02
1.490000000000000000e+02
1.500000000000000000e+02
1.510000000000000000e+02
1.520000000000000000e+02
1.530000000000000000e+02
1.540000000000000000e+02
1.550000000000000000e+02
1.560000000000000000e+02
1.570000000000000000e+02
1.580000000000000000e+02
1.590000000000000000e+02
1.600000000000000000e+02
1.610000000000000000e+02
1.620000000000000000e+02
1.630000000000000000e+02
1.640000000000000000e+02
1.650000000000000000e+02
1.660000000000000000e+02
1.670000000000000000e+02
1.680000000000000000e+02
1.690000000000000000e+02
1.700000000000000000e+02
1.710000000000000000e+02
1.720000000000000000e+02
1.730000000000000000e+02
1.740000000000000000e+02
1.750000000000000000e+02
1.760000000000000000e+02
1.770000000000000000e+02
1.780000000000000000e+02
1.790000000000000000e+02
1.800000000000000000e+02
0.000000000000000000e+00
0.000000000000000000e+00
0.000000000000000000e+00
0.000000000000000000e+00
0.000000000000000000e+00
0.000000000000000000e+00
0.000000000000000000e+00
0.000000000000000000e+00
0.000000000000000000e+00
0.000000000000000000e+00
0.000000000000000000e+00
0.000000000000000000e+00
0.000000000000000000e+00
0.000000000000000000e+00
0.000000000000000000e+00
0.000000000000000000e+00
0.000000000000000000e+00
0.000000000000000000e+00
0.000000000000000000e+00
0.000000000000000000e+00
0.000000000000000000e+00
0.000000000000000000e+00
0.000000000000000000e+00
0.000000000000000000e+00
0.000000000000000000e+00
0.000000000000000000e+00
0.000000000000000000e+00
0.000000000000000000e+00
0.000000000000000000e+00
0.000000000000000000e+00
0.000000000000000000e+00
0.000000000000000000e+00
0.000000000000000000e+00
0.000000000000000000e+00
0.000000000000000000e+00
0.000000000000000000e+00
0.000000000000000000e+00
0.000000000000000000e+00
0.000000000000000000e+00
0.000000000000000000e+00
0.000000000000000000e+00
0.000000000000000000e+00
0.000000000000000000e+00
0.000000000000000000e+00
0.000000000000000000e+00
0.000000000000000000e+00
0.000000000000000000e+00
0.000000000000000000e+00
0.000000000000000000e+00
0.000000000000000000e+00
0.000000000000000000e+00
0.000000000000000000e+00
0.000000000000000000e+00
0.000000000000000000e+00
0.000000000000000000e+00
0.000000000000000000e+00
0.000000000000000000e+00
0.000000000000000000e+00
0.000000000000000000e+00
0.000000000000000000e+00
0.000000000000000000e+00
0.000000000000000000e+00
2.000000000000000000e+00
2.666666666666666519e+00
4.799999999999999822e+00
4.000000000000000000e+00
6.666666666666666963e+00
1.733333333333333215e+01
1.700000000000000000e+01
2.400000000000000000e+01
3.333333333333333570e+01
4.566666666666666430e+01
5.700000000000000000e+01
7.100000000000000000e+01
6.866666666666667140e+01
8.966666666666667140e+01
1.103333333333333286e+02
1.220000000000000000e+02
1.383333333333333428e+02
1.543333333333333428e+02
1.673333333333333428e+02
1.960000000000000000e+02
2.236666666666666572e+02
2.403333333333333428e+02
2.893333333333333144e+02
3.360000000000000000e+02
3.623333333333333144e+02
4.333333333333333144e+02
4.700000000000000000e+02
5.240000000000000000e+02
5.740000000000000000e+02
5.870000000000000000e+02
6.240000000000000000e+02
5.866666666666666288e+02
5.903333333333333712e+02
5.730000000000000000e+02
5.066666666666666856e+02
4.436666666666666856e+02
4.610000000000000000e+02
3.803333333333333144e+02
3.490000000000000000e+02
3.193333333333333144e+02
2.823333333333333144e+02
2.623333333333333144e+02
2.520000000000000000e+02
2.543333333333333428e+02
2.313333333333333428e+02
2.413333333333333428e+02
2.343333333333333428e+02
2.253333333333333428e+02
2.516666666666666572e+02
2.303333333333333428e+02
2.370000000000000000e+02
2.390000000000000000e+02
2.656666666666666856e+02
2.506666666666666572e+02
2.710000000000000000e+02
2.856666666666666856e+02
2.723333333333333144e+02
2.880000000000000000e+02
2.793333333333333144e+02
2.823333333333333144e+02
2.833333333333333144e+02
3.186666666666666856e+02
3.036666666666666856e+02
2.786666666666666856e+02
2.913333333333333144e+02
2.890000000000000000e+02
2.846666666666666856e+02
2.826666666666666856e+02
2.586666666666666856e+02
2.550000000000000000e+02
2.440000000000000000e+02
2.306666666666666572e+02
2.226666666666666572e+02
2.053333333333333428e+02
1.816666666666666572e+02
1.713333333333333428e+02
1.696666666666666572e+02
1.386666666666666572e+02
1.266666666666666714e+02
1.256666666666666714e+02
1.190000000000000000e+02
1.073333333333333286e+02
9.366666666666667140e+01
9.566666666666667140e+01
8.500000000000000000e+01
7.066666666666667140e+01
7.500000000000000000e+01
6.833333333333332860e+01
7.066666666666667140e+01
5.833333333333333570e+01
6.066666666666666430e+01
5.133333333333333570e+01
5.633333333333333570e+01
5.500000000000000000e+01
4.400000000000000000e+01
4.233333333333333570e+01
4.566666666666666430e+01
3.466666666666666430e+01
4.933333333333333570e+01
4.866666666666666430e+01
5.066666666666666430e+01
4.066666666666666430e+01
3.400000000000000000e+01
4.133333333333333570e+01
3.900000000000000000e+01
3.633333333333333570e+01
3.633333333333333570e+01
3.700000000000000000e+01
3.466666666666666430e+01
3.933333333333333570e+01
3.166666666666666785e+01
3.300000000000000000e+01
3.166666666666666785e+01
2.600000000000000000e+01
2.033333333333333215e+01
2.000000000000000000e+01
1.700000000000000000e+01
6.666666666666666963e+00
2.500000000000000000e+00
