0.000000000000000000e+00
1.000000000000000000e+00
2.000000000000000000e+00
3.000000000000000000e+00
4.000000000000000000e+00
5.000000000000000000e+00
6.000000000000000000e+00
7.000000000000000000e+00
8.000000000000000000e+00
9.000000000000000000e+00
1.000000000000000000e+01
1.100000000000000000e+01
1.200000000000000000e+01
1.300000000000000000e+01
1.400000000000000000e+01
1.500000000000000000e+01
1.600000000000000000e+01
1.700000000000000000e+01
1.800000000000000000e+01
1.900000000000000000e+01
2.000000000000000000e+01
2.100000000000000000e+01
2.200000000000000000e+01
2.300000000000000000e+01
2.400000000000000000e+01
2.500000000000000000e+01
2.600000000000000000e+01
2.700000000000000000e+01
2.800000000000000000e+01
2.900000000000000000e+01
3.000000000000000000e+01
3.100000000000000000e+01
3.200000000000000000e+01
3.300000000000000000e+01
3.400000000000000000e+01
3.500000000000000000e+01
3.600000000000000000e+01
3.700000000000000000e+01
3.800000000000000000e+01
3.900000000000000000e+01
4.000000000000000000e+01
4.100000000000000000e+01
4.200000000000000000e+01
4.300000000000000000e+01
4.400000000000000000e+01
4.500000000000000000e+01
4.600000000000000000e+01
4.700000000000000000e+01
4.800000000000000000e+01
4.900000000000000000e+01
5.000000000000000000e+01
5.100000000000000000e+01
5.200000000000000000e+01
5.300000000000000000e+01
5.400000000000000000e+01
5.500000000000000000e+01
5.600000000000000000e+01
5.700000000000000000e+01
5.800000000000000000e+01
5.900000000000000000e+01
6.000000000000000000e+01
6.100000000000000000e+01
6.200000000000000000e+01
6.300000000000000000e+01
6.400000000000000000e+01
6.500000000000000000e+01
6.600000000000000000e+01
6.700000000000000000e+01
6.800000000000000000e+01
6.900000000000000000e+01
7.000000000000000000e+01
7.100000000000000000e+01
7.200000000000000000e+01
7.300000000000000000e+01
7.400000000000000000e+01
7.500000000000000000e+01
7.600000000000000000e+01
7.700000000000000000e+01
7.800000000000000000e+01
7.900000000000000000e+01
8.000000000000000000e+01
8.100000000000000000e+01
8.200000000000000000e+01
8.300000000000000000e+01
8.400000000000000000e+01
8.500000000000000000e+01
8.600000000000000000e+01
8.700000000000000000e+01
8.800000000000000000e+01
8.900000000000000000e+01
9.000000000000000000e+01
9.100000000000000000e+01
9.200000000000000000e+01
9.300000000000000000e+01
9.400000000000000000e+01
9.500000000000000000e+01
9.600000000000000000e+01
9.700000000000000000e+01
9.800000000000000000e+01
9.900000000000000000e+01
1.000000000000000000e+02
1.010000000000000000e+02
1.020000000000000000e+02
1.030000000000000000e+02
1.040000000000000000e+02
1.050000000000000000e+02
1.060000000000000000e+02
1.070000000000000000e+02
1.080000000000000000e+02
1.090000000000000000e+02
1.100000000000000000e+02
1.110000000000000000e+02
1.120000000000000000e+02
1.130000000000000000e+02
1.140000000000000000e+02
1.150000000000000000e+02
1.160000000000000000e+02
1.170000000000000000e+02
1.180000000000000000e+02
1.190000000000000000e+02
1.200000000000000000e+02
1.210000000000000000e+02
1.220000000000000000e+02
1.230000000000000000e+02
1.240000000000000000e+02
1.250000000000000000e+02
1.260000000000000000e+02
1.270000000000000000e+02
1.280000000000000000e+02
1.290000000000000000e+02
1.300000000000000000e+02
1.310000000000000000e+02
1.320000000000000000e+02
1.330000000000000000e+02
1.340000000000000000e+02
1.350000000000000000e+02
1.360000000000000000e+02
1.370000000000000000e+02
1.380000000000000000e+02
1.390000000000000000e+02
1.400000000000000000e+02
1.410000000000000000e+02
1.420000000000000000e+02
1.430000000000000000e+02
1.440000000000000000e+02
1.450000000000000000e+02
1.460000000000000000e+02
1.470000000000000000e+02
1.480000000000000000e+02
1.490000000000000000e+02
1.500000000000000000e+02
1.510000000000000000e+02
1.520000000000000000e+02
1.530000000000000000e+02
1.540000000000000000e+02
1.550000000000000000e+02
1.560000000000000000e+02
1.570000000000000000e+02
1.580000000000000000e+02
1.590000000000000000e+02
1.600000000000000000e+02
1.610000000000000000e+02
1.620000000000000000e+02
1.630000000000000000e+02
1.640000000000000000e+02
1.650000000000000000e+02
1.660000000000000000e+02
1.670000000000000000e+02
1.680000000000000000e+02
1.690000000000000000e+02
1.700000000000000000e+02
1.710000000000000000e+02
1.720000000000000000e+02
1.730000000000000000e+02
1.740000000000000000e+02
1.750000000000000000e+02
1.760000000000000000e+02
1.770000000000000000e+02
1.780000000000000000e+02
1.790000000000000000e+02
1.800000000000000000e+02
0.000000000000000000e+00
0.000000000000000000e+00
0.000000000000000000e+00
0.000000000000000000e+00
0.000000000000000000e+00
0.000000000000000000e+00
0.000000000000000000e+00
0.000000000000000000e+00
0.000000000000000000e+00
0.000000000000000000e+00
0.000000000000000000e+00
0.000000000000000000e+00
0.000000000000000000e+00
0.000000000000000000e+00
0.000000000000000000e+00
0.000000000000000000e+00
0.000000000000000000e+00
0.000000000000000000e+00
0.000000000000000000e+00
0.000000000000000000e+00
0.000000000000000000e+00
0.000000000000000000e+00
0.000000000000000000e+00
0.000000000000000000e+00
0.000000000000000000e+00
0.000000000000000000e+00
0.000000000000000000e+00
0.000000000000000000e+00
0.000000000000000000e+00
0.000000000000000000e+00
0.000000000000000000e+00
0.000000000000000000e+00
0.000000000000000000e+00
0.000000000000000000e+00
0.000000000000000000e+00
0.000000000000000000e+00
0.000000000000000000e+00
0.000000000000000000e+00
0.000000000000000000e+00
0.000000000000000000e+00
0.000000000000000000e+00
0.000000000000000000e+00
0.000000000000000000e+00
0.000000000000000000e+00
0.000000000000000000e+00
0.000000000000000000e+00
0.000000000000000000e+00
0.000000000000000000e+00
0.000000000000000000e+00
0.000000000000000000e+00
0.000000000000000000e+00
0.000000000000000000e+00
0.000000000000000000e+00
0.000000000000000000e+00
0.000000000000000000e+00
0.000000000000000000e+00
0.000000000000000000e+00
0.000000000000000000e+00
2.000000000000000000e+00
0.000000000000000000e+00
2.666666666666666519e+00
3.000000000000000000e+00
6.000000000000000000e+00
5.333333333333333037e+00
1.066666666666666607e+01
2.333333333333333215e+01
2.533333333333333215e+01
5.233333333333333570e+01
7.166666666666667140e+01
9.400000000000000000e+01
1.240000000000000000e+02
1.523333333333333428e+02
1.903333333333333428e+02
2.610000000000000000e+02
2.850000000000000000e+02
3.430000000000000000e+02
4.110000000000000000e+02
4.873333333333333144e+02
5.776666666666666288e+02
6.720000000000000000e+02
8.070000000000000000e+02
9.403333333333333712e+02
1.018000000000000000e+03
1.123666666666666742e+03
1.256333333333333258e+03
1.248666666666666742e+03
1.306333333333333258e+03
1.311000000000000000e+03
1.258000000000000000e+03
1.246000000000000000e+03
1.168333333333333258e+03
1.137000000000000000e+03
1.051000000000000000e+03
9.290000000000000000e+02
8.826666666666666288e+02
8.353333333333333712e+02
7.656666666666666288e+02
7.040000000000000000e+02
6.193333333333333712e+02
5.716666666666666288e+02
5.253333333333333712e+02
4.513333333333333144e+02
4.333333333333333144e+02
4.093333333333333144e+02
3.506666666666666856e+02
3.223333333333333144e+02
2.756666666666666856e+02
2.736666666666666856e+02
2.413333333333333428e+02
2.213333333333333428e+02
1.836666666666666572e+02
1.776666666666666572e+02
1.706666666666666572e+02
1.643333333333333428e+02
1.476666666666666572e+02
1.323333333333333428e+02
1.303333333333333428e+02
1.110000000000000000e+02
1.083333333333333286e+02
1.086666666666666714e+02
1.026666666666666714e+02
9.433333333333332860e+01
8.066666666666667140e+01
8.100000000000000000e+01
7.600000000000000000e+01
7.566666666666667140e+01
6.333333333333333570e+01
7.166666666666667140e+01
6.900000000000000000e+01
6.200000000000000000e+01
6.366666666666666430e+01
5.733333333333333570e+01
6.200000000000000000e+01
5.633333333333333570e+01
6.466666666666667140e+01
5.366666666666666430e+01
5.733333333333333570e+01
6.033333333333333570e+01
6.266666666666666430e+01
6.000000000000000000e+01
5.900000000000000000e+01
6.100000000000000000e+01
6.833333333333332860e+01
6.666666666666667140e+01
6.200000000000000000e+01
6.200000000000000000e+01
6.666666666666667140e+01
8.266666666666667140e+01
8.966666666666667140e+01
8.766666666666667140e+01
9.533333333333332860e+01
1.173333333333333286e+02
1.170000000000000000e+02
1.226666666666666714e+02
1.400000000000000000e+02
1.546666666666666572e+02
1.563333333333333428e+02
1.680000000000000000e+02
1.833333333333333428e+02
1.943333333333333428e+02
2.116666666666666572e+02
2.173333333333333428e+02
2.636666666666666856e+02
2.596666666666666856e+02
2.680000000000000000e+02
2.776666666666666856e+02
2.963333333333333144e+02
2.883333333333333144e+02
2.940000000000000000e+02
2.880000000000000000e+02
2.786666666666666856e+02
2.766666666666666856e+02
2.563333333333333144e+02
2.450000000000000000e+02
2.133333333333333428e+02
1.866666666666666572e+02
1.613333333333333428e+02
1.170000000000000000e+02
8.800000000000000000e+01
4.366666666666666430e+01
8.000000000000000000e+00
