0.000000000000000000e+00
1.000000000000000000e+00
2.000000000000000000e+00
3.000000000000000000e+00
4.000000000000000000e+00
5.000000000000000000e+00
6.000000000000000000e+00
7.000000000000000000e+00
8.000000000000000000e+00
9.000000000000000000e+00
1.000000000000000000e+01
1.100000000000000000e+01
1.200000000000000000e+01
1.300000000000000000e+01
1.400000000000000000e+01
1.500000000000000000e+01
1.600000000000000000e+01
1.700000000000000000e+01
1.800000000000000000e+01
1.900000000000000000e+01
2.000000000000000000e+01
2.100000000000000000e+01
2.200000000000000000e+01
2.300000000000000000e+01
2.400000000000000000e+01
2.500000000000000000e+01
2.600000000000000000e+01
2.700000000000000000e+01
2.800000000000000000e+01
2.900000000000000000e+01
3.000000000000000000e+01
3.100000000000000000e+01
3.200000000000000000e+01
3.300000000000000000e+01
3.400000000000000000e+01
3.500000000000000000e+01
3.600000000000000000e+01
3.700000000000000000e+01
3.800000000000000000e+01
3.900000000000000000e+01
4.000000000000000000e+01
4.100000000000000000e+01
4.200000000000000000e+01
4.300000000000000000e+01
4.400000000000000000e+01
4.500000000000000000e+01
4.600000000000000000e+01
4.700000000000000000e+01
4.800000000000000000e+01
4.900000000000000000e+01
5.000000000000000000e+01
5.100000000000000000e+01
5.200000000000000000e+01
5.300000000000000000e+01
5.400000000000000000e+01
5.500000000000000000e+01
5.600000000000000000e+01
5.700000000000000000e+01
5.800000000000000000e+01
5.900000000000000000e+01
6.000000000000000000e+01
6.100000000000000000e+01
6.200000000000000000e+01
6.300000000000000000e+01
6.400000000000000000e+01
6.500000000000000000e+01
6.600000000000000000e+01
6.700000000000000000e+01
6.800000000000000000e+01
6.900000000000000000e+01
7.000000000000000000e+01
7.100000000000000000e+01
7.200000000000000000e+01
7.300000000000000000e+01
7.400000000000000000e+01
7.500000000000000000e+01
7.600000000000000000e+01
7.700000000000000000e+01
7.800000000000000000e+01
7.900000000000000000e+01
8.000000000000000000e+01
8.100000000000000000e+01
8.200000000000000000e+01
8.300000000000000000e+01
8.400000000000000000e+01
8.500000000000000000e+01
8.600000000000000000e+01
8.700000000000000000e+01
8.800000000000000000e+01
8.900000000000000000e+01
9.000000000000000000e+01
9.100000000000000000e+01
9.200000000000000000e+01
9.300000000000000000e+01
9.400000000000000000e+01
9.500000000000000000e+01
9.600000000000000000e+01
9.700000000000000000e+01
9.800000000000000000e+01
9.900000000000000000e+01
1.000000000000000000e+02
1.010000000000000000e+02
1.020000000000000000e+02
1.030000000000000000e+02
1.040000000000000000e+02
1.050000000000000000e+02
1.060000000000000000e+02
1.070000000000000000e+02
1.080000000000000000e+02
1.090000000000000000e+02
1.100000000000000000e+02
1.110000000000000000e+02
1.120000000000000000e+02
1.130000000000000000e+02
1.140000000000000000e+02
1.150000000000000000e+02
1.160000000000000000e+02
1.170000000000000000e+02
1.180000000000000000e+02
1.190000000000000000e+02
1.200000000000000000e+02
1.210000000000000000e+02
1.220000000000000000e+02
1.230000000000000000e+02
1.240000000000000000e+02
1.250000000000000000e+02
1.260000000000000000e+02
1.270000000000000000e+02
1.280000000000000000e+02
1.290000000000000000e+02
1.300000000000000000e+02
1.310000000000000000e+02
1.320000000000000000e+02
1.330000000000000000e+02
1.340000000000000000e+02
1.350000000000000000e+02
1.360000000000000000e+02
1.370000000000000000e+02
1.380000000000000000e+02
1.390000000000000000e+02
1.400000000000000000e+02
1.410000000000000000e+02
1.420000000000000000e+02
1.430000000000000000e+02
1.440000000000000000e+02
1.450000000000000000e+02
1.460000000000000000e+02
1.470000000000000000e+02
1.480000000000000000e+02
1.490000000000000000e+02
1.500000000000000000e+02
1.510000000000000000e+02
1.520000000000000000e+02
1.530000000000000000e+02
1.540000000000000000e+02
1.550000000000000000e+02
1.560000000000000000e+02
1.570000000000000000e+02
1.580000000000000000e+02
1.590000000000000000e+02
1.600000000000000000e+02
1.610000000000000000e+02
1.620000000000000000e+02
1.630000000000000000e+02
1.640000000000000000e+02
1.650000000000000000e+02
1.660000000000000000e+02
1.670000000000000000e+02
1.680000000000000000e+02
1.690000000000000000e+02
1.700000000000000000e+02
1.710000000000000000e+02
1.720000000000000000e+02
1.730000000000000000e+02
1.740000000000000000e+02
1.750000000000000000e+02
1.760000000000000000e+02
1.770000000000000000e+02
1.780000000000000000e+02
1.790000000000000000e+02
1.800000000000000000e+02
0.000000000000000000e+00
0.000000000000000000e+00
0.000000000000000000e+00
0.000000000000000000e+00
0.000000000000000000e+00
0.000000000000000000e+00
0.000000000000000000e+00
0.000000000000000000e+00
0.000000000000000000e+00
0.000000000000000000e+00
0.000000000000000000e+00
0.000000000000000000e+00
0.000000000000000000e+00
0.000000000000000000e+00
0.000000000000000000e+00
0.000000000000000000e+00
0.000000000000000000e+00
0.000000000000000000e+00
0.000000000000000000e+00
0.000000000000000000e+00
0.000000000000000000e+00
0.000000000000000000e+00
0.000000000000000000e+00
0.000000000000000000e+00
0.000000000000000000e+00
0.000000000000000000e+00
0.000000000000000000e+00
0.000000000000000000e+00
0.000000000000000000e+00
0.000000000000000000e+00
0.000000000000000000e+00
0.000000000000000000e+00
0.000000000000000000e+00
0.000000000000000000e+00
0.000000000000000000e+00
0.000000000000000000e+00
0.000000000000000000e+00
0.000000000000000000e+00
0.000000000000000000e+00
0.000000000000000000e+00
0.000000000000000000e+00
0.000000000000000000e+00
0.000000000000000000e+00
0.000000000000000000e+00
0.000000000000000000e+00
0.000000000000000000e+00
0.000000000000000000e+00
0.000000000000000000e+00
0.000000000000000000e+00
0.000000000000000000e+00
0.000000000000000000e+00
0.000000000000000000e+00
2.666666666666666519e+00
3.333333333333333481e+00
4.000000000000000000e+00
6.000000000000000000e+00
1.600000000000000000e+01
1.833333333333333215e+01
3.133333333333333215e+01
4.433333333333333570e+01
6.366666666666666430e+01
8.166666666666667140e+01
1.083333333333333286e+02
1.566666666666666572e+02
1.793333333333333428e+02
2.013333333333333428e+02
2.646666666666666856e+02
2.863333333333333144e+02
3.316666666666666856e+02
3.730000000000000000e+02
4.033333333333333144e+02
4.673333333333333144e+02
5.050000000000000000e+02
5.490000000000000000e+02
6.166666666666666288e+02
6.766666666666666288e+02
7.233333333333333712e+02
7.890000000000000000e+02
8.170000000000000000e+02
8.890000000000000000e+02
8.943333333333333712e+02
9.820000000000000000e+02
1.005333333333333371e+03
1.046000000000000000e+03
1.030666666666666742e+03
1.078666666666666742e+03
1.067333333333333258e+03
1.051666666666666742e+03
1.056666666666666742e+03
1.018000000000000000e+03
9.656666666666666288e+02
9.270000000000000000e+02
8.860000000000000000e+02
8.306666666666666288e+02
7.833333333333333712e+02
7.383333333333333712e+02
6.940000000000000000e+02
6.420000000000000000e+02
5.900000000000000000e+02
5.653333333333333712e+02
5.370000000000000000e+02
4.933333333333333144e+02
4.440000000000000000e+02
4.103333333333333144e+02
3.780000000000000000e+02
3.633333333333333144e+02
3.326666666666666856e+02
3.096666666666666856e+02
2.870000000000000000e+02
2.776666666666666856e+02
2.463333333333333428e+02
2.176666666666666572e+02
2.236666666666666572e+02
1.910000000000000000e+02
2.010000000000000000e+02
1.993333333333333428e+02
1.713333333333333428e+02
1.620000000000000000e+02
1.656666666666666572e+02
1.523333333333333428e+02
1.540000000000000000e+02
1.446666666666666572e+02
1.500000000000000000e+02
1.390000000000000000e+02
1.576666666666666572e+02
1.433333333333333428e+02
1.510000000000000000e+02
1.306666666666666572e+02
1.366666666666666572e+02
1.473333333333333428e+02
1.443333333333333428e+02
1.616666666666666572e+02
1.403333333333333428e+02
1.416666666666666572e+02
1.266666666666666714e+02
1.493333333333333428e+02
1.486666666666666572e+02
1.403333333333333428e+02
1.450000000000000000e+02
1.390000000000000000e+02
1.430000000000000000e+02
1.483333333333333428e+02
1.606666666666666572e+02
1.356666666666666572e+02
1.616666666666666572e+02
1.710000000000000000e+02
1.563333333333333428e+02
1.716666666666666572e+02
1.780000000000000000e+02
1.686666666666666572e+02
1.753333333333333428e+02
1.816666666666666572e+02
1.880000000000000000e+02
1.930000000000000000e+02
2.020000000000000000e+02
2.126666666666666572e+02
2.270000000000000000e+02
2.250000000000000000e+02
2.290000000000000000e+02
2.266666666666666572e+02
2.370000000000000000e+02
2.393333333333333428e+02
2.500000000000000000e+02
2.316666666666666572e+02
2.306666666666666572e+02
2.456666666666666572e+02
2.356666666666666572e+02
2.460000000000000000e+02
2.456666666666666572e+02
2.236666666666666572e+02
2.163333333333333428e+02
2.086666666666666572e+02
1.856666666666666572e+02
1.570000000000000000e+02
1.620000000000000000e+02
1.290000000000000000e+02
9.966666666666667140e+01
8.633333333333332860e+01
5.533333333333333570e+01
2.966666666666666785e+01
5.500000000000000000e+00
