0.000000000000000000e+00
1.000000000000000000e+00
2.000000000000000000e+00
3.000000000000000000e+00
4.000000000000000000e+00
5.000000000000000000e+00
6.000000000000000000e+00
7.000000000000000000e+00
8.000000000000000000e+00
9.000000000000000000e+00
1.000000000000000000e+01
1.100000000000000000e+01
1.200000000000000000e+01
1.300000000000000000e+01
1.400000000000000000e+01
1.500000000000000000e+01
1.600000000000000000e+01
1.700000000000000000e+01
1.800000000000000000e+01
1.900000000000000000e+01
2.000000000000000000e+01
2.100000000000000000e+01
2.200000000000000000e+01
2.300000000000000000e+01
2.400000000000000000e+01
2.500000000000000000e+01
2.600000000000000000e+01
2.700000000000000000e+01
2.800000000000000000e+01
2.900000000000000000e+01
3.000000000000000000e+01
3.100000000000000000e+01
3.200000000000000000e+01
3.300000000000000000e+01
3.400000000000000000e+01
3.500000000000000000e+01
3.600000000000000000e+01
3.700000000000000000e+01
3.800000000000000000e+01
3.900000000000000000e+01
4.000000000000000000e+01
4.100000000000000000e+01
4.200000000000000000e+01
4.300000000000000000e+01
4.400000000000000000e+01
4.500000000000000000e+01
4.600000000000000000e+01
4.700000000000000000e+01
4.800000000000000000e+01
4.900000000000000000e+01
5.000000000000000000e+01
5.100000000000000000e+01
5.200000000000000000e+01
5.300000000000000000e+01
5.400000000000000000e+01
5.500000000000000000e+01
5.600000000000000000e+01
5.700000000000000000e+01
5.800000000000000000e+01
5.900000000000000000e+01
6.000000000000000000e+01
6.100000000000000000e+01
6.200000000000000000e+01
6.300000000000000000e+01
6.400000000000000000e+01
6.500000000000000000e+01
6.600000000000000000e+01
6.700000000000000000e+01
6.800000000000000000e+01
6.900000000000000000e+01
7.000000000000000000e+01
7.100000000000000000e+01
7.200000000000000000e+01
7.300000000000000000e+01
7.400000000000000000e+01
7.500000000000000000e+01
7.600000000000000000e+01
7.700000000000000000e+01
7.800000000000000000e+01
7.900000000000000000e+01
8.000000000000000000e+01
8.100000000000000000e+01
8.200000000000000000e+01
8.300000000000000000e+01
8.400000000000000000e+01
8.500000000000000000e+01
8.600000000000000000e+01
8.700000000000000000e+01
8.800000000000000000e+01
8.900000000000000000e+01
9.000000000000000000e+01
9.100000000000000000e+01
9.200000000000000000e+01
9.300000000000000000e+01
9.400000000000000000e+01
9.500000000000000000e+01
9.600000000000000000e+01
9.700000000000000000e+01
9.800000000000000000e+01
9.900000000000000000e+01
1.000000000000000000e+02
1.010000000000000000e+02
1.020000000000000000e+02
1.030000000000000000e+02
1.040000000000000000e+02
1.050000000000000000e+02
1.060000000000000000e+02
1.070000000000000000e+02
1.080000000000000000e+02
1.090000000000000000e+02
1.100000000000000000e+02
1.110000000000000000e+02
1.120000000000000000e+02
1.130000000000000000e+02
1.140000000000000000e+02
1.150000000000000000e+02
1.160000000000000000e+02
1.170000000000000000e+02
1.180000000000000000e+02
1.190000000000000000e+02
1.200000000000000000e+02
1.210000000000000000e+02
1.220000000000000000e+02
1.230000000000000000e+02
1.240000000000000000e+02
1.250000000000000000e+02
1.260000000000000000e+02
1.270000000000000000e+02
1.280000000000000000e+02
1.290000000000000000e+02
1.300000000000000000e+02
1.310000000000000000e+02
1.320000000000000000e+02
1.330000000000000000e+02
1.340000000000000000e+02
1.350000000000000000e+02
1.360000000000000000e+02
1.370000000000000000e+02
1.380000000000000000e+02
1.390000000000000000e+02
1.400000000000000000e+02
1.410000000000000000e+02
1.420000000000000000e+02
1.430000000000000000e+02
1.440000000000000000e+02
1.450000000000000000e+02
1.460000000000000000e+02
1.470000000000000000e+02
1.480000000000000000e+02
1.490000000000000000e+02
1.500000000000000000e+02
1.510000000000000000e+02
1.520000000000000000e+02
1.530000000000000000e+02
1.540000000000000000e+02
1.550000000000000000e+02
1.560000000000000000e+02
1.570000000000000000e+02
1.580000000000000000e+02
1.590000000000000000e+02
1.600000000000000000e+02
1.610000000000000000e+02
1.620000000000000000e+02
1.630000000000000000e+02
1.640000000000000000e+02
1.650000000000000000e+02
1.660000000000000000e+02
1.670000000000000000e+02
1.680000000000000000e+02
1.690000000000000000e+02
1.700000000000000000e+02
1.710000000000000000e+02
1.720000000000000000e+02
1.730000000000000000e+02
1.740000000000000000e+02
1.750000000000000000e+02
1.760000000000000000e+02
1.770000000000000000e+02
1.780000000000000000e+02
1.790000000000000000e+02
1.800000000000000000e+02
0.000000000000000000e+00
0.000000000000000000e+00
0.000000000000000000e+00
0.000000000000000000e+00
0.000000000000000000e+00
0.000000000000000000e+00
0.000000000000000000e+00
0.000000000000000000e+00
0.000000000000000000e+00
0.000000000000000000e+00
0.000000000000000000e+00
0.000000000000000000e+00
0.000000000000000000e+00
0.000000000000000000e+00
0.000000000000000000e+00
0.000000000000000000e+00
0.000000000000000000e+00
0.000000000000000000e+00
0.000000000000000000e+00
0.000000000000000000e+00
0.000000000000000000e+00
0.000000000000000000e+00
0.000000000000000000e+00
0.000000000000000000e+00
0.000000000000000000e+00
0.000000000000000000e+00
0.000000000000000000e+00
0.000000000000000000e+00
0.000000000000000000e+00
0.000000000000000000e+00
0.000000000000000000e+00
0.000000000000000000e+00
0.000000000000000000e+00
0.000000000000000000e+00
0.000000000000000000e+00
0.000000000000000000e+00
0.000000000000000000e+00
0.000000000000000000e+00
0.000000000000000000e+00
0.000000000000000000e+00
3.000000000000000000e+00
7.000000000000000000e+00
2.433333333333333215e+01
7.600000000000000000e+01
1.620000000000000000e+02
3.240000000000000000e+02
5.550000000000000000e+02
8.966666666666666288e+02
1.240333333333333258e+03
1.726333333333333258e+03
2.177333333333333485e+03
2.761666666666666515e+03
3.211000000000000000e+03
3.667333333333333485e+03
4.064333333333333485e+03
4.364666666666666970e+03
4.536333333333333030e+03
4.740666666666666970e+03
4.565666666666666970e+03
4.388000000000000000e+03
4.217333333333333030e+03
3.925333333333333485e+03
3.596666666666666515e+03
3.279666666666666515e+03
2.959333333333333485e+03
2.675666666666666515e+03
2.392333333333333485e+03
2.152000000000000000e+03
1.956000000000000000e+03
1.734000000000000000e+03
1.611333333333333258e+03
1.462666666666666742e+03
1.363666666666666742e+03
1.288333333333333258e+03
1.215000000000000000e+03
1.173333333333333258e+03
1.171333333333333258e+03
1.174666666666666742e+03
1.147666666666666742e+03
1.193666666666666742e+03
1.279333333333333258e+03
1.287666666666666742e+03
1.376666666666666742e+03
1.425333333333333258e+03
1.478000000000000000e+03
1.514000000000000000e+03
1.610666666666666742e+03
1.638333333333333258e+03
1.694333333333333258e+03
1.696000000000000000e+03
1.742666666666666742e+03
1.758000000000000000e+03
1.710666666666666742e+03
1.702000000000000000e+03
1.685666666666666742e+03
1.627333333333333258e+03
1.710333333333333258e+03
1.690000000000000000e+03
1.656000000000000000e+03
1.711666666666666742e+03
1.713666666666666742e+03
1.764666666666666742e+03
1.752333333333333258e+03
1.842333333333333258e+03
1.830000000000000000e+03
1.889333333333333258e+03
1.958666666666666742e+03
2.015000000000000000e+03
2.075000000000000000e+03
2.107333333333333485e+03
2.199000000000000000e+03
2.263000000000000000e+03
2.315666666666666515e+03
2.358000000000000000e+03
2.351333333333333485e+03
2.394333333333333485e+03
2.398000000000000000e+03
2.330666666666666515e+03
2.342333333333333485e+03
2.336000000000000000e+03
2.245000000000000000e+03
2.195333333333333485e+03
2.198666666666666515e+03
2.053666666666666515e+03
1.951000000000000000e+03
1.917666666666666742e+03
1.829666666666666742e+03
1.742666666666666742e+03
1.654000000000000000e+03
1.550333333333333258e+03
1.543333333333333258e+03
1.393000000000000000e+03
1.409666666666666742e+03
1.292666666666666742e+03
1.256000000000000000e+03
1.216000000000000000e+03
1.165000000000000000e+03
1.116666666666666742e+03
1.069000000000000000e+03
1.036666666666666742e+03
1.003666666666666629e+03
9.796666666666666288e+02
9.570000000000000000e+02
9.243333333333333712e+02
9.056666666666666288e+02
8.810000000000000000e+02
8.413333333333333712e+02
8.163333333333333712e+02
7.923333333333333712e+02
7.653333333333333712e+02
7.580000000000000000e+02
7.583333333333333712e+02
7.483333333333333712e+02
7.100000000000000000e+02
6.753333333333333712e+02
6.803333333333333712e+02
6.630000000000000000e+02
6.623333333333333712e+02
6.216666666666666288e+02
6.400000000000000000e+02
6.450000000000000000e+02
6.323333333333333712e+02
6.403333333333333712e+02
6.170000000000000000e+02
6.083333333333333712e+02
6.093333333333333712e+02
5.986666666666666288e+02
5.953333333333333712e+02
5.670000000000000000e+02
5.530000000000000000e+02
5.273333333333333712e+02
4.953333333333333144e+02
4.583333333333333144e+02
4.323333333333333144e+02
3.756666666666666856e+02
3.120000000000000000e+02
2.530000000000000000e+02
1.953333333333333428e+02
1.280000000000000000e+02
6.700000000000000000e+01
1.100000000000000000e+01
