0.000000000000000000e+00
1.000000000000000000e+00
2.000000000000000000e+00
3.000000000000000000e+00
4.000000000000000000e+00
5.000000000000000000e+00
6.000000000000000000e+00
7.000000000000000000e+00
8.000000000000000000e+00
9.000000000000000000e+00
1.000000000000000000e+01
1.100000000000000000e+01
1.200000000000000000e+01
1.300000000000000000e+01
1.400000000000000000e+01
1.500000000000000000e+01
1.600000000000000000e+01
1.700000000000000000e+01
1.800000000000000000e+01
1.900000000000000000e+01
2.000000000000000000e+01
2.100000000000000000e+01
2.200000000000000000e+01
2.300000000000000000e+01
2.400000000000000000e+01
2.500000000000000000e+01
2.600000000000000000e+01
2.700000000000000000e+01
2.800000000000000000e+01
2.900000000000000000e+01
3.000000000000000000e+01
3.100000000000000000e+01
3.200000000000000000e+01
3.300000000000000000e+01
3.400000000000000000e+01
3.500000000000000000e+01
3.600000000000000000e+01
3.700000000000000000e+01
3.800000000000000000e+01
3.900000000000000000e+01
4.000000000000000000e+01
4.100000000000000000e+01
4.200000000000000000e+01
4.300000000000000000e+01
4.400000000000000000e+01
4.500000000000000000e+01
4.600000000000000000e+01
4.700000000000000000e+01
4.800000000000000000e+01
4.900000000000000000e+01
5.000000000000000000e+01
5.100000000000000000e+01
5.200000000000000000e+01
5.300000000000000000e+01
5.400000000000000000e+01
5.500000000000000000e+01
5.600000000000000000e+01
5.700000000000000000e+01
5.800000000000000000e+01
5.900000000000000000e+01
6.000000000000000000e+01
6.100000000000000000e+01
6.200000000000000000e+01
6.300000000000000000e+01
6.400000000000000000e+01
6.500000000000000000e+01
6.600000000000000000e+01
6.700000000000000000e+01
6.800000000000000000e+01
6.900000000000000000e+01
7.000000000000000000e+01
7.100000000000000000e+01
7.200000000000000000e+01
7.300000000000000000e+01
7.400000000000000000e+01
7.500000000000000000e+01
7.600000000000000000e+01
7.700000000000000000e+01
7.800000000000000000e+01
7.900000000000000000e+01
8.000000000000000000e+01
8.100000000000000000e+01
8.200000000000000000e+01
8.300000000000000000e+01
8.400000000000000000e+01
8.500000000000000000e+01
8.600000000000000000e+01
8.700000000000000000e+01
8.800000000000000000e+01
8.900000000000000000e+01
9.000000000000000000e+01
9.100000000000000000e+01
9.200000000000000000e+01
9.300000000000000000e+01
9.400000000000000000e+01
9.500000000000000000e+01
9.600000000000000000e+01
9.700000000000000000e+01
9.800000000000000000e+01
9.900000000000000000e+01
1.000000000000000000e+02
1.010000000000000000e+02
1.020000000000000000e+02
1.030000000000000000e+02
1.040000000000000000e+02
1.050000000000000000e+02
1.060000000000000000e+02
1.070000000000000000e+02
1.080000000000000000e+02
1.090000000000000000e+02
1.100000000000000000e+02
1.110000000000000000e+02
1.120000000000000000e+02
1.130000000000000000e+02
1.140000000000000000e+02
1.150000000000000000e+02
1.160000000000000000e+02
1.170000000000000000e+02
1.180000000000000000e+02
1.190000000000000000e+02
1.200000000000000000e+02
1.210000000000000000e+02
1.220000000000000000e+02
1.230000000000000000e+02
1.240000000000000000e+02
1.250000000000000000e+02
1.260000000000000000e+02
1.270000000000000000e+02
1.280000000000000000e+02
1.290000000000000000e+02
1.300000000000000000e+02
1.310000000000000000e+02
1.320000000000000000e+02
1.330000000000000000e+02
1.340000000000000000e+02
1.350000000000000000e+02
1.360000000000000000e+02
1.370000000000000000e+02
1.380000000000000000e+02
1.390000000000000000e+02
1.400000000000000000e+02
1.410000000000000000e+02
1.420000000000000000e+02
1.430000000000000000e+02
1.440000000000000000e+02
1.450000000000000000e+02
1.460000000000000000e+02
1.470000000000000000e+02
1.480000000000000000e+02
1.490000000000000000e+02
1.500000000000000000e+02
1.510000000000000000e+02
1.520000000000000000e+02
1.530000000000000000e+02
1.540000000000000000e+02
1.550000000000000000e+02
1.560000000000000000e+02
1.570000000000000000e+02
1.580000000000000000e+02
1.590000000000000000e+02
1.600000000000000000e+02
1.610000000000000000e+02
1.620000000000000000e+02
1.630000000000000000e+02
1.640000000000000000e+02
1.650000000000000000e+02
1.660000000000000000e+02
1.670000000000000000e+02
1.680000000000000000e+02
1.690000000000000000e+02
1.700000000000000000e+02
1.710000000000000000e+02
1.720000000000000000e+02
1.730000000000000000e+02
1.740000000000000000e+02
1.750000000000000000e+02
1.760000000000000000e+02
1.770000000000000000e+02
1.780000000000000000e+02
1.790000000000000000e+02
1.800000000000000000e+02
0.000000000000000000e+00
0.000000000000000000e+00
0.000000000000000000e+00
0.000000000000000000e+00
0.000000000000000000e+00
0.000000000000000000e+00
0.000000000000000000e+00
0.000000000000000000e+00
0.000000000000000000e+00
0.000000000000000000e+00
0.000000000000000000e+00
0.000000000000000000e+00
0.000000000000000000e+00
0.000000000000000000e+00
0.000000000000000000e+00
0.000000000000000000e+00
0.000000000000000000e+00
0.000000000000000000e+00
0.000000000000000000e+00
0.000000000000000000e+00
0.000000000000000000e+00
0.000000000000000000e+00
0.000000000000000000e+00
0.000000000000000000e+00
0.000000000000000000e+00
0.000000000000000000e+00
0.000000000000000000e+00
0.000000000000000000e+00
0.000000000000000000e+00
0.000000000000000000e+00
0.000000000000000000e+00
0.000000000000000000e+00
0.000000000000000000e+00
0.000000000000000000e+00
0.000000000000000000e+00
0.000000000000000000e+00
0.000000000000000000e+00
0.000000000000000000e+00
0.000000000000000000e+00
0.000000000000000000e+00
0.000000000000000000e+00
4.000000000000000000e+00
1.100000000000000000e+01
2.900000000000000000e+01
9.733333333333332860e+01
2.350000000000000000e+02
4.910000000000000000e+02
8.333333333333333712e+02
1.275000000000000000e+03
1.748666666666666742e+03
2.331000000000000000e+03
2.893666666666666515e+03
3.616000000000000000e+03
4.205666666666666970e+03
4.844333333333333030e+03
5.248000000000000000e+03
5.667333333333333030e+03
5.978666666666666970e+03
5.960000000000000000e+03
5.877333333333333030e+03
5.541333333333333030e+03
5.089000000000000000e+03
4.608333333333333030e+03
4.101000000000000000e+03
3.600000000000000000e+03
3.191333333333333485e+03
2.858333333333333485e+03
2.445333333333333485e+03
2.149000000000000000e+03
1.912333333333333258e+03
1.782000000000000000e+03
1.590666666666666742e+03
1.469000000000000000e+03
1.359666666666666742e+03
1.264000000000000000e+03
1.219333333333333258e+03
1.181333333333333258e+03
1.162666666666666742e+03
1.194666666666666742e+03
1.227000000000000000e+03
1.300666666666666742e+03
1.339666666666666742e+03
1.469333333333333258e+03
1.557000000000000000e+03
1.667333333333333258e+03
1.834000000000000000e+03
1.940000000000000000e+03
2.019333333333333258e+03
2.089666666666666515e+03
2.165000000000000000e+03
2.266000000000000000e+03
2.302000000000000000e+03
2.266666666666666515e+03
2.236333333333333485e+03
2.178000000000000000e+03
2.133666666666666515e+03
2.020333333333333258e+03
2.064333333333333485e+03
2.013666666666666742e+03
1.976333333333333258e+03
1.952333333333333258e+03
2.007000000000000000e+03
1.984000000000000000e+03
2.017666666666666742e+03
2.157666666666666515e+03
2.181000000000000000e+03
2.252000000000000000e+03
2.364666666666666515e+03
2.408000000000000000e+03
2.468666666666666515e+03
2.570333333333333485e+03
2.688666666666666515e+03
2.736666666666666515e+03
2.779333333333333485e+03
2.845000000000000000e+03
2.893333333333333485e+03
2.938666666666666515e+03
2.980000000000000000e+03
2.943333333333333485e+03
2.861666666666666515e+03
2.874000000000000000e+03
2.729333333333333485e+03
2.642666666666666515e+03
2.557333333333333485e+03
2.479666666666666515e+03
2.324666666666666515e+03
2.171666666666666515e+03
2.057333333333333485e+03
1.878000000000000000e+03
1.846666666666666742e+03
1.761666666666666742e+03
1.612000000000000000e+03
1.523333333333333258e+03
1.445000000000000000e+03
1.398333333333333258e+03
1.335333333333333258e+03
1.268333333333333258e+03
1.280666666666666742e+03
1.221666666666666742e+03
1.203000000000000000e+03
1.185333333333333258e+03
1.188333333333333258e+03
1.124333333333333258e+03
1.144666666666666742e+03
1.074666666666666742e+03
1.062000000000000000e+03
1.033666666666666742e+03
9.876666666666666288e+02
9.586666666666666288e+02
9.653333333333333712e+02
9.456666666666666288e+02
8.893333333333333712e+02
8.693333333333333712e+02
8.400000000000000000e+02
8.460000000000000000e+02
7.963333333333333712e+02
7.766666666666666288e+02
7.713333333333333712e+02
7.533333333333333712e+02
7.163333333333333712e+02
7.073333333333333712e+02
7.040000000000000000e+02
6.993333333333333712e+02
6.970000000000000000e+02
6.543333333333333712e+02
6.520000000000000000e+02
6.370000000000000000e+02
6.433333333333333712e+02
6.576666666666666288e+02
6.530000000000000000e+02
6.230000000000000000e+02
6.126666666666666288e+02
5.860000000000000000e+02
5.470000000000000000e+02
4.853333333333333144e+02
4.346666666666666856e+02
3.773333333333333144e+02
2.856666666666666856e+02
1.766666666666666572e+02
9.600000000000000000e+01
1.133333333333333393e+01
