0.000000000000000000e+00
1.000000000000000000e+00
2.000000000000000000e+00
3.000000000000000000e+00
4.000000000000000000e+00
5.000000000000000000e+00
6.000000000000000000e+00
7.000000000000000000e+00
8.000000000000000000e+00
9.000000000000000000e+00
1.000000000000000000e+01
1.100000000000000000e+01
1.200000000000000000e+01
1.300000000000000000e+01
1.400000000000000000e+01
1.500000000000000000e+01
1.600000000000000000e+01
1.700000000000000000e+01
1.800000000000000000e+01
1.900000000000000000e+01
2.000000000000000000e+01
2.100000000000000000e+01
2.200000000000000000e+01
2.300000000000000000e+01
2.400000000000000000e+01
2.500000000000000000e+01
2.600000000000000000e+01
2.700000000000000000e+01
2.800000000000000000e+01
2.900000000000000000e+01
3.000000000000000000e+01
3.100000000000000000e+01
3.200000000000000000e+01
3.300000000000000000e+01
3.400000000000000000e+01
3.500000000000000000e+01
3.600000000000000000e+01
3.700000000000000000e+01
3.800000000000000000e+01
3.900000000000000000e+01
4.000000000000000000e+01
4.100000000000000000e+01
4.200000000000000000e+01
4.300000000000000000e+01
4.400000000000000000e+01
4.500000000000000000e+01
4.600000000000000000e+01
4.700000000000000000e+01
4.800000000000000000e+01
4.900000000000000000e+01
5.000000000000000000e+01
5.100000000000000000e+01
5.200000000000000000e+01
5.300000000000000000e+01
5.400000000000000000e+01
5.500000000000000000e+01
5.600000000000000000e+01
5.700000000000000000e+01
5.800000000000000000e+01
5.900000000000000000e+01
6.000000000000000000e+01
6.100000000000000000e+01
6.200000000000000000e+01
6.300000000000000000e+01
6.400000000000000000e+01
6.500000000000000000e+01
6.600000000000000000e+01
6.700000000000000000e+01
6.800000000000000000e+01
6.900000000000000000e+01
7.000000000000000000e+01
7.100000000000000000e+01
7.200000000000000000e+01
7.300000000000000000e+01
7.400000000000000000e+01
7.500000000000000000e+01
7.600000000000000000e+01
7.700000000000000000e+01
7.800000000000000000e+01
7.900000000000000000e+01
8.000000000000000000e+01
8.100000000000000000e+01
8.200000000000000000e+01
8.300000000000000000e+01
8.400000000000000000e+01
8.500000000000000000e+01
8.600000000000000000e+01
8.700000000000000000e+01
8.800000000000000000e+01
8.900000000000000000e+01
9.000000000000000000e+01
9.100000000000000000e+01
9.200000000000000000e+01
9.300000000000000000e+01
9.400000000000000000e+01
9.500000000000000000e+01
9.600000000000000000e+01
9.700000000000000000e+01
9.800000000000000000e+01
9.900000000000000000e+01
1.000000000000000000e+02
1.010000000000000000e+02
1.020000000000000000e+02
1.030000000000000000e+02
1.040000000000000000e+02
1.050000000000000000e+02
1.060000000000000000e+02
1.070000000000000000e+02
1.080000000000000000e+02
1.090000000000000000e+02
1.100000000000000000e+02
1.110000000000000000e+02
1.120000000000000000e+02
1.130000000000000000e+02
1.140000000000000000e+02
1.150000000000000000e+02
1.160000000000000000e+02
1.170000000000000000e+02
1.180000000000000000e+02
1.190000000000000000e+02
1.200000000000000000e+02
1.210000000000000000e+02
1.220000000000000000e+02
1.230000000000000000e+02
1.240000000000000000e+02
1.250000000000000000e+02
1.260000000000000000e+02
1.270000000000000000e+02
1.280000000000000000e+02
1.290000000000000000e+02
1.300000000000000000e+02
1.310000000000000000e+02
1.320000000000000000e+02
1.330000000000000000e+02
1.340000000000000000e+02
1.350000000000000000e+02
1.360000000000000000e+02
1.370000000000000000e+02
1.380000000000000000e+02
1.390000000000000000e+02
1.400000000000000000e+02
1.410000000000000000e+02
1.420000000000000000e+02
1.430000000000000000e+02
1.440000000000000000e+02
1.450000000000000000e+02
1.460000000000000000e+02
1.470000000000000000e+02
1.480000000000000000e+02
1.490000000000000000e+02
1.500000000000000000e+02
1.510000000000000000e+02
1.520000000000000000e+02
1.530000000000000000e+02
1.540000000000000000e+02
1.550000000000000000e+02
1.560000000000000000e+02
1.570000000000000000e+02
1.580000000000000000e+02
1.590000000000000000e+02
1.600000000000000000e+02
1.610000000000000000e+02
1.620000000000000000e+02
1.630000000000000000e+02
1.640000000000000000e+02
1.650000000000000000e+02
1.660000000000000000e+02
1.670000000000000000e+02
1.680000000000000000e+02
1.690000000000000000e+02
1.700000000000000000e+02
1.710000000000000000e+02
1.720000000000000000e+02
1.730000000000000000e+02
1.740000000000000000e+02
1.750000000000000000e+02
1.760000000000000000e+02
1.770000000000000000e+02
1.780000000000000000e+02
1.790000000000000000e+02
1.800000000000000000e+02
0.000000000000000000e+00
0.000000000000000000e+00
0.000000000000000000e+00
0.000000000000000000e+00
0.000000000000000000e+00
0.000000000000000000e+00
0.000000000000000000e+00
0.000000000000000000e+00
0.000000000000000000e+00
0.000000000000000000e+00
0.000000000000000000e+00
0.000000000000000000e+00
0.000000000000000000e+00
0.000000000000000000e+00
0.000000000000000000e+00
0.000000000000000000e+00
0.000000000000000000e+00
0.000000000000000000e+00
0.000000000000000000e+00
0.000000000000000000e+00
0.000000000000000000e+00
0.000000000000000000e+00
0.000000000000000000e+00
0.000000000000000000e+00
0.000000000000000000e+00
0.000000000000000000e+00
0.000000000000000000e+00
0.000000000000000000e+00
0.000000000000000000e+00
0.000000000000000000e+00
0.000000000000000000e+00
0.000000000000000000e+00
0.000000000000000000e+00
0.000000000000000000e+00
0.000000000000000000e+00
0.000000000000000000e+00
0.000000000000000000e+00
0.000000000000000000e+00
0.000000000000000000e+00
0.000000000000000000e+00
0.000000000000000000e+00
0.000000000000000000e+00
3.000000000000000000e+00
1.200000000000000000e+01
3.333333333333333570e+01
1.373333333333333428e+02
2.983333333333333144e+02
5.750000000000000000e+02
9.330000000000000000e+02
1.436333333333333258e+03
2.006333333333333258e+03
2.609000000000000000e+03
3.287000000000000000e+03
3.936666666666666515e+03
4.665333333333333030e+03
5.134000000000000000e+03
5.644000000000000000e+03
5.849333333333333030e+03
5.972000000000000000e+03
5.800000000000000000e+03
5.488333333333333030e+03
5.054333333333333030e+03
4.510666666666666970e+03
3.956333333333333485e+03
3.464333333333333485e+03
2.988333333333333485e+03
2.648666666666666515e+03
2.336333333333333485e+03
2.020666666666666742e+03
1.795666666666666742e+03
1.630000000000000000e+03
1.501333333333333258e+03
1.360333333333333258e+03
1.243333333333333258e+03
1.173666666666666742e+03
1.107666666666666742e+03
1.070333333333333258e+03
1.082333333333333258e+03
1.106000000000000000e+03
1.176000000000000000e+03
1.233000000000000000e+03
1.277666666666666742e+03
1.377000000000000000e+03
1.507000000000000000e+03
1.550666666666666742e+03
1.755333333333333258e+03
1.820000000000000000e+03
1.964333333333333258e+03
2.025000000000000000e+03
2.037000000000000000e+03
2.128333333333333485e+03
2.059333333333333485e+03
2.090666666666666515e+03
2.099333333333333485e+03
2.027333333333333258e+03
1.968000000000000000e+03
1.907000000000000000e+03
1.873666666666666742e+03
1.794666666666666742e+03
1.839666666666666742e+03
1.796333333333333258e+03
1.793333333333333258e+03
1.831333333333333258e+03
1.898000000000000000e+03
1.984666666666666742e+03
1.978666666666666742e+03
2.122333333333333485e+03
2.219000000000000000e+03
2.254000000000000000e+03
2.339000000000000000e+03
2.433333333333333485e+03
2.547666666666666515e+03
2.598333333333333485e+03
2.664333333333333485e+03
2.755000000000000000e+03
2.793000000000000000e+03
2.818000000000000000e+03
2.800666666666666515e+03
2.882333333333333485e+03
2.815333333333333485e+03
2.702666666666666515e+03
2.654666666666666515e+03
2.545666666666666515e+03
2.511000000000000000e+03
2.367333333333333485e+03
2.237333333333333485e+03
2.124000000000000000e+03
1.928666666666666742e+03
1.839000000000000000e+03
1.737000000000000000e+03
1.584333333333333258e+03
1.541666666666666742e+03
1.430333333333333258e+03
1.336000000000000000e+03
1.279000000000000000e+03
1.260000000000000000e+03
1.171000000000000000e+03
1.137333333333333258e+03
1.141666666666666742e+03
1.124000000000000000e+03
1.083000000000000000e+03
1.100000000000000000e+03
1.065333333333333258e+03
1.042000000000000000e+03
1.027333333333333258e+03
9.903333333333333712e+02
9.496666666666666288e+02
9.566666666666666288e+02
9.556666666666666288e+02
8.580000000000000000e+02
8.970000000000000000e+02
8.236666666666666288e+02
7.980000000000000000e+02
7.970000000000000000e+02
7.236666666666666288e+02
7.296666666666666288e+02
7.040000000000000000e+02
6.826666666666666288e+02
6.930000000000000000e+02
6.830000000000000000e+02
6.670000000000000000e+02
6.480000000000000000e+02
6.393333333333333712e+02
6.216666666666666288e+02
6.356666666666666288e+02
6.396666666666666288e+02
6.226666666666666288e+02
6.176666666666666288e+02
6.203333333333333712e+02
6.146666666666666288e+02
6.033333333333333712e+02
5.613333333333333712e+02
5.710000000000000000e+02
5.440000000000000000e+02
4.660000000000000000e+02
4.413333333333333144e+02
3.526666666666666856e+02
2.693333333333333144e+02
1.983333333333333428e+02
9.566666666666667140e+01
1.033333333333333393e+01
