0.000000000000000000e+00
1.000000000000000000e+00
2.000000000000000000e+00
3.000000000000000000e+00
4.000000000000000000e+00
5.000000000000000000e+00
6.000000000000000000e+00
7.000000000000000000e+00
8.000000000000000000e+00
9.000000000000000000e+00
1.000000000000000000e+01
1.100000000000000000e+01
1.200000000000000000e+01
1.300000000000000000e+01
1.400000000000000000e+01
1.500000000000000000e+01
1.600000000000000000e+01
1.700000000000000000e+01
1.800000000000000000e+01
1.900000000000000000e+01
2.000000000000000000e+01
2.100000000000000000e+01
2.200000000000000000e+01
2.300000000000000000e+01
2.400000000000000000e+01
2.500000000000000000e+01
2.600000000000000000e+01
2.700000000000000000e+01
2.800000000000000000e+01
2.900000000000000000e+01
3.000000000000000000e+01
3.100000000000000000e+01
3.200000000000000000e+01
3.300000000000000000e+01
3.400000000000000000e+01
3.500000000000000000e+01
3.600000000000000000e+01
3.700000000000000000e+01
3.800000000000000000e+01
3.900000000000000000e+01
4.000000000000000000e+01
4.100000000000000000e+01
4.200000000000000000e+01
4.300000000000000000e+01
4.400000000000000000e+01
4.500000000000000000e+01
4.600000000000000000e+01
4.700000000000000000e+01
4.800000000000000000e+01
4.900000000000000000e+01
5.000000000000000000e+01
5.100000000000000000e+01
5.200000000000000000e+01
5.300000000000000000e+01
5.400000000000000000e+01
5.500000000000000000e+01
5.600000000000000000e+01
5.700000000000000000e+01
5.800000000000000000e+01
5.900000000000000000e+01
6.000000000000000000e+01
6.100000000000000000e+01
6.200000000000000000e+01
6.300000000000000000e+01
6.400000000000000000e+01
6.500000000000000000e+01
6.600000000000000000e+01
6.700000000000000000e+01
6.800000000000000000e+01
6.900000000000000000e+01
7.000000000000000000e+01
7.100000000000000000e+01
7.200000000000000000e+01
7.300000000000000000e+01
7.400000000000000000e+01
7.500000000000000000e+01
7.600000000000000000e+01
7.700000000000000000e+01
7.800000000000000000e+01
7.900000000000000000e+01
8.000000000000000000e+01
8.100000000000000000e+01
8.200000000000000000e+01
8.300000000000000000e+01
8.400000000000000000e+01
8.500000000000000000e+01
8.600000000000000000e+01
8.700000000000000000e+01
8.800000000000000000e+01
8.900000000000000000e+01
9.000000000000000000e+01
9.100000000000000000e+01
9.200000000000000000e+01
9.300000000000000000e+01
9.400000000000000000e+01
9.500000000000000000e+01
9.600000000000000000e+01
9.700000000000000000e+01
9.800000000000000000e+01
9.900000000000000000e+01
1.000000000000000000e+02
1.010000000000000000e+02
1.020000000000000000e+02
1.030000000000000000e+02
1.040000000000000000e+02
1.050000000000000000e+02
1.060000000000000000e+02
1.070000000000000000e+02
1.080000000000000000e+02
1.090000000000000000e+02
1.100000000000000000e+02
1.110000000000000000e+02
1.120000000000000000e+02
1.130000000000000000e+02
1.140000000000000000e+02
1.150000000000000000e+02
1.160000000000000000e+02
1.170000000000000000e+02
1.180000000000000000e+02
1.190000000000000000e+02
1.200000000000000000e+02
1.210000000000000000e+02
1.220000000000000000e+02
1.230000000000000000e+02
1.240000000000000000e+02
1.250000000000000000e+02
1.260000000000000000e+02
1.270000000000000000e+02
1.280000000000000000e+02
1.290000000000000000e+02
1.300000000000000000e+02
1.310000000000000000e+02
1.320000000000000000e+02
1.330000000000000000e+02
1.340000000000000000e+02
1.350000000000000000e+02
1.360000000000000000e+02
1.370000000000000000e+02
1.380000000000000000e+02
1.390000000000000000e+02
1.400000000000000000e+02
1.410000000000000000e+02
1.420000000000000000e+02
1.430000000000000000e+02
1.440000000000000000e+02
1.450000000000000000e+02
1.460000000000000000e+02
1.470000000000000000e+02
1.480000000000000000e+02
1.490000000000000000e+02
1.500000000000000000e+02
1.510000000000000000e+02
1.520000000000000000e+02
1.530000000000000000e+02
1.540000000000000000e+02
1.550000000000000000e+02
1.560000000000000000e+02
1.570000000000000000e+02
1.580000000000000000e+02
1.590000000000000000e+02
1.600000000000000000e+02
1.610000000000000000e+02
1.620000000000000000e+02
1.630000000000000000e+02
1.640000000000000000e+02
1.650000000000000000e+02
1.660000000000000000e+02
1.670000000000000000e+02
1.680000000000000000e+02
1.690000000000000000e+02
1.700000000000000000e+02
1.710000000000000000e+02
1.720000000000000000e+02
1.730000000000000000e+02
1.740000000000000000e+02
1.750000000000000000e+02
1.760000000000000000e+02
1.770000000000000000e+02
1.780000000000000000e+02
1.790000000000000000e+02
1.800000000000000000e+02
0.000000000000000000e+00
0.000000000000000000e+00
0.000000000000000000e+00
0.000000000000000000e+00
0.000000000000000000e+00
0.000000000000000000e+00
0.000000000000000000e+00
0.000000000000000000e+00
0.000000000000000000e+00
0.000000000000000000e+00
0.000000000000000000e+00
0.000000000000000000e+00
0.000000000000000000e+00
0.000000000000000000e+00
0.000000000000000000e+00
0.000000000000000000e+00
0.000000000000000000e+00
0.000000000000000000e+00
0.000000000000000000e+00
0.000000000000000000e+00
0.000000000000000000e+00
0.000000000000000000e+00
0.000000000000000000e+00
0.000000000000000000e+00
0.000000000000000000e+00
0.000000000000000000e+00
0.000000000000000000e+00
0.000000000000000000e+00
0.000000000000000000e+00
0.000000000000000000e+00
0.000000000000000000e+00
0.000000000000000000e+00
0.000000000000000000e+00
0.000000000000000000e+00
0.000000000000000000e+00
0.000000000000000000e+00
0.000000000000000000e+00
2.000000000000000000e+00
2.000000000000000000e+00
4.666666666666666963e+00
7.200000000000000178e+00
2.200000000000000000e+01
5.433333333333333570e+01
1.236666666666666714e+02
2.493333333333333428e+02
4.653333333333333144e+02
7.413333333333333712e+02
1.109333333333333258e+03
1.501666666666666742e+03
1.987333333333333258e+03
2.478000000000000000e+03
2.938333333333333485e+03
3.413000000000000000e+03
3.789333333333333485e+03
4.041333333333333485e+03
4.225000000000000000e+03
4.266333333333333030e+03
4.263333333333333030e+03
4.134333333333333030e+03
3.826333333333333485e+03
3.545666666666666515e+03
3.176000000000000000e+03
2.910333333333333485e+03
2.621000000000000000e+03
2.323000000000000000e+03
2.094000000000000000e+03
1.845000000000000000e+03
1.680666666666666742e+03
1.493666666666666742e+03
1.301000000000000000e+03
1.249333333333333258e+03
1.152333333333333258e+03
1.102333333333333258e+03
1.052666666666666742e+03
1.019000000000000000e+03
9.950000000000000000e+02
9.833333333333333712e+02
1.028333333333333258e+03
1.055000000000000000e+03
1.078000000000000000e+03
1.145000000000000000e+03
1.191000000000000000e+03
1.245666666666666742e+03
1.263333333333333258e+03
1.293000000000000000e+03
1.349333333333333258e+03
1.426000000000000000e+03
1.412666666666666742e+03
1.428333333333333258e+03
1.521333333333333258e+03
1.507000000000000000e+03
1.498000000000000000e+03
1.538666666666666742e+03
1.519000000000000000e+03
1.528333333333333258e+03
1.508333333333333258e+03
1.531333333333333258e+03
1.554000000000000000e+03
1.565333333333333258e+03
1.553666666666666742e+03
1.594333333333333258e+03
1.597333333333333258e+03
1.649666666666666742e+03
1.689666666666666742e+03
1.757333333333333258e+03
1.740666666666666742e+03
1.828333333333333258e+03
1.880000000000000000e+03
1.916000000000000000e+03
2.027000000000000000e+03
2.021333333333333258e+03
2.053666666666666515e+03
2.089333333333333485e+03
2.131000000000000000e+03
2.166666666666666515e+03
2.130666666666666515e+03
2.157000000000000000e+03
2.145333333333333485e+03
2.061333333333333485e+03
2.069666666666666515e+03
1.981333333333333258e+03
1.951000000000000000e+03
1.861333333333333258e+03
1.836000000000000000e+03
1.759000000000000000e+03
1.647666666666666742e+03
1.597666666666666742e+03
1.535000000000000000e+03
1.479333333333333258e+03
1.352333333333333258e+03
1.334666666666666742e+03
1.257333333333333258e+03
1.203000000000000000e+03
1.148333333333333258e+03
1.091000000000000000e+03
1.096666666666666742e+03
1.055666666666666742e+03
1.012000000000000000e+03
9.613333333333333712e+02
9.413333333333333712e+02
9.190000000000000000e+02
9.266666666666666288e+02
8.443333333333333712e+02
8.346666666666666288e+02
8.103333333333333712e+02
7.796666666666666288e+02
7.610000000000000000e+02
7.673333333333333712e+02
7.240000000000000000e+02
7.316666666666666288e+02
6.926666666666666288e+02
6.790000000000000000e+02
6.506666666666666288e+02
6.520000000000000000e+02
6.313333333333333712e+02
6.106666666666666288e+02
6.013333333333333712e+02
5.753333333333333712e+02
5.866666666666666288e+02
5.706666666666666288e+02
5.656666666666666288e+02
5.440000000000000000e+02
5.476666666666666288e+02
5.680000000000000000e+02
5.546666666666666288e+02
5.386666666666666288e+02
5.386666666666666288e+02
5.446666666666666288e+02
5.036666666666666856e+02
5.013333333333333144e+02
4.563333333333333144e+02
4.236666666666666856e+02
3.790000000000000000e+02
3.573333333333333144e+02
3.123333333333333144e+02
2.783333333333333144e+02
2.260000000000000000e+02
1.896666666666666572e+02
1.196666666666666714e+02
5.566666666666666430e+01
7.666666666666666963e+00
